1.092305668277116643e-01,6.718899490001141450e-02,2.599803154603256075e-02,6.041855284252140024e-02,2.180554319530307074e-03,1.615186769578022263e-01,2.404925955513660119e-01,1.548061589070039434e-01,-1.084389942400163953e+00,-2.167463054199690320e-01,1.129305163230676957e-02,4.932691819017164248e-01,7.481397119314806554e-01,-8.035982521270650381e-01,9.665041651060159167e-02,-6.681146231060289820e-01,-9.762129389169594369e-04,7.133131615173757822e-01
1.241584576764823006e-01,1.267331251285848392e-01,1.142348731340335766e-01,1.213706735959886596e-01,7.801772401493277387e-02,1.882429557049608015e-01,1.821743777436363176e-01,1.468377828168072885e-01,-1.084777747801260350e+00,-6.095297936635216129e-02,1.284896695286867896e-01,3.426673545255490838e-01,2.876380798491543489e-01,-3.323058864181191452e-01,4.923799030647776909e-02,-6.768070714229416085e-01,4.060341911443025517e-03,7.515410542558954576e-01
1.380248091347155703e-01,1.777072610119155849e-01,1.905751450494206634e-01,1.808671003712967740e-01,1.611098020598275282e-01,2.118150718137289945e-01,1.408305696310794275e-01,1.419181013361338339e-01,-1.064557604314833927e+00,6.446992851987126683e-02,2.319789868162732693e-01,2.027441196501705845e-01,-1.084170366273256025e-01,7.468484780358830566e-02,8.364636649198550766e-03,-6.706457098478334489e-01,1.504959082908962145e-02,7.831050420289539238e-01
1.508493914912272249e-01,2.206362950501888354e-01,2.557274949415150878e-01,2.386674014326721216e-01,2.502583230431770778e-01,2.324366626330963415e-01,1.150374390768337252e-01,1.397792960176537369e-01,-1.025595917446756156e+00,1.617000528302083850e-01,3.225568167876646797e-01,7.370407258719147148e-02,-4.436437726218248612e-01,4.209567395578885929e-01,-2.639159780769527452e-02,-6.509814667860525095e-01,3.147317765373926213e-02,8.084207866521015973e-01
1.626519750348330295e-01,2.560451197435896775e-01,3.104005704596381476e-01,2.945311450443411361e-01,3.442648215539440559e-01,2.503093655120522953e-01,1.033712539440375666e-01,1.401535484140370991e-01,-9.697590927028989505e-01,2.329150281561661595e-01,4.010189727354593336e-01,-4.424819135177771035e-02,-7.216602632582084231e-01,7.100925778646132169e-01,-5.545266641066289026e-02,-6.191652706429463526e-01,5.281274622510841871e-02,8.279039499408894498e-01
1.734523300543487356e-01,2.844586275923033925e-01,3.553030192531110854e-01,3.482178994705302233e-01,4.419308321810910267e-01,2.656348177995863646e-01,1.044082820958293356e-01,1.427730400779540776e-01,-8.989135355891337831e-01,2.802924890892518062e-01,4.681612679522556553e-01,-1.509080768551265272e-01,-9.460846436603428389e-01,9.456751517435930676e-01,-7.924052250616352155e-02,-5.765480498238629847e-01,7.854994038291351899e-02,8.419701937108678980e-01
1.832702268385901778e-01,3.064017110965150392e-01,3.911434889712551155e-01,3.994872329754657336e-01,5.420578895135805819e-01,2.786146568446880023e-01,1.167247913953474991e-01,1.473699525620747464e-01,-8.149256516113321247e-01,3.060100702209724299e-01,5.247795157306521796e-01,-2.460709886112445455e-01,-1.120535048952092883e+00,1.131287250214660034e+00,-9.817711944065642127e-02,-5.244807327341503012e-01,1.081664039668710359e-01,8.510351797775875804e-01
1.921254356763730797e-01,3.223992627564098434e-01,4.186306272633915637e-01,4.480987138233740175e-01,6.434475281403753133e-01,2.894505199963467446e-01,1.388970497057302744e-01,1.536764674190692348e-01,-7.196618462753657797e-01,3.122454061428348582e-01,5.716695293632469976e-01,-3.295323313085211092e-01,-1.248629614257324771e+00,1.270511662297645117e+00,-1.126844105606006757e-01,-4.643142477791559752e-01,1.411437808166973729e-01,8.555145699565993578e-01
2.000377268565132205e-01,3.329761750721728641e-01,4.384730817788416446e-01,4.938119102784815917e-01,7.449012826504377571e-01,2.983440446035520166e-01,1.695013248901161285e-01,1.614247662016077001e-01,-6.149885250871063302e-01,3.011761314463466399e-01,6.096271221426386999e-01,-4.010875096353457847e-01,-1.333986474699903724e+00,1.366931177012379539e+00,-1.231843492124555933e-01,-3.973995233642280134e-01,1.769637147721090376e-01,8.558240260634536467e-01
2.070268706678263237e-01,3.386573405439893270e-01,4.513795001669267948e-01,5.363863906050148067e-01,8.452206876327303942e-01,3.054968680152934102e-01,2.071138848116434450e-01,1.703470304623602438e-01,-5.027720935524252477e-01,2.749798807230146580e-01,6.394481073614256550e-01,-4.605319282801080272e-01,-1.380223765403695069e+00,1.424128583378694746e+00,-1.300988887426803298e-01,-3.250874878947140889e-01,2.151078496728224543e-01,8.523792099137013079e-01
2.131126373991282241e-01,3.399676516720444575e-01,4.580585300769680068e-01,5.755817230671999019e-01,9.432072776762161492e-01,3.111106275805602950e-01,2.503109973334507465e-01,1.801754417539969677e-01,-3.848789571771943363e-01,2.358342885643459619e-01,6.619282983122064534e-01,-5.076609919311972918e-01,-1.390959621492565024e+00,1.445686670416421737e+00,-1.338499824977341102e-01,-2.487290697759623193e-01,2.550578293585539780e-01,8.455957833228929799e-01
2.183147973392346453e-01,3.374320009565233147e-01,4.592188191582869394e-01,6.111574759292636161e-01,1.037662587369857059e+00,3.153869606483421517e-01,2.976689303186761393e-01,1.906421816291880011e-01,-2.631755214672850673e-01,1.859169895618473789e-01,6.778635082875791307e-01,-5.422701052770032559e-01,-1.369812178090378918e+00,1.435188227145392403e+00,-1.348595838240762013e-01,-1.696751974133202112e-01,2.962952976690201856e-01,8.358894081065791903e-01
2.226531207769614218e-01,3.315752808976110688e-01,4.555690150602043631e-01,6.428732174554319112e-01,1.127388151302616270e+00,3.185275045676285721e-01,3.477639516304581457e-01,2.014794316406035013e-01,-1.395281919285689121e-01,1.274056183070264026e-01,6.880495505801423883e-01,-5.641546730059153747e-01,-1.320399570321001637e+00,1.396216042585437300e+00,-1.335496460681656061e-01,-8.927679921213582670e-02,3.383018984439375432e-01,8.236757460803108000e-01
2.261473780011242218e-01,3.229223839954928899e-01,4.478177654320418810e-01,6.704885159099315262e-01,1.211185504063455820e+00,3.207338966874090369e-01,3.991723291319352329e-01,2.124193733409135698e-01,-1.580337406691789681e-02,6.247780939139019329e-02,6.932822384824944839e-01,-5.731100998063233254e-01,-1.246339933308299841e+00,1.332352905756389649e+00,-1.303421225764617719e-01,-8.884803577756894555e-03,3.805592755230223778e-01,8.093704590596382253e-01
2.288173393005388800e-01,3.119982027503539479e-01,4.366737179231207633e-01,6.937629395569886448e-01,1.287856180241338855e+00,3.222077743566730268e-01,4.504703306862455903e-01,2.231941882827882806e-01,1.061325266117969512e-01,-6.688802593554588061e-03,6.943573852872337859e-01,-5.689317903666158971e-01,-1.151251402176138416e+00,1.247181605678077787e+00,-1.256589666954238127e-01,7.014986108446852331e-02,4.225490727459911278e-01,7.933892088601123271e-01
2.306827749640159020e-01,2.993276296623719746e-01,4.228455201827527321e-01,7.124560566608133527e-01,1.356201714425196769e+00,3.231507749244026950e-01,5.002342241565169711e-01,2.335360580188926005e-01,2.244131046016988318e-01,-7.791658305629811654e-02,6.920708042869442300e-01,-5.514151493751715538e-01,-1.038752112048358267e+00,1.144284931370312064e+00,-1.199221317715082613e-01,1.464762663691898670e-01,4.637529339525496286e-01,7.761476572972660914e-01
2.314674662442415543e-01,2.950151590994596895e-01,4.215933968662333164e-01,7.293671531931751328e-01,1.411507842429971848e+00,3.310863563037193535e-01,5.315065549618525065e-01,2.423065591209314917e-01,3.282672528345814134e-01,-1.254797885434544846e-01,7.015033374361502316e-01,-4.914060256726986986e-01,-9.823094354317303267e-01,1.067993497402149661e+00,-1.193741572912905280e-01,2.107572802637955878e-01,5.006938108726036729e-01,7.628690639733330947e-01
2.341218856696423711e-01,2.867479674926406985e-01,4.126199318536984406e-01,7.399120509066713369e-01,1.457392549720763597e+00,3.364869389423463808e-01,5.564424139857185869e-01,2.491263515276477825e-01,4.303070231917942023e-01,-1.698453912649116604e-01,7.049044689016673582e-01,-4.005476523841757230e-01,-9.123718024164614304e-01,9.698214732655556780e-01,-1.202709698106324276e-01,2.686646291632182604e-01,5.355677326815782013e-01,7.485745721552459209e-01
2.339722254124079748e-01,2.767750589814513829e-01,4.017875019336661913e-01,7.398782235882555014e-01,1.466251206864735313e+00,3.375114966622490553e-01,5.748485754850418683e-01,2.530585210259437834e-01,5.213781667920044383e-01,-2.075755238617355281e-01,7.022742974358974211e-01,-3.047393439809545912e-01,-8.119722083429646853e-01,8.560031468153899148e-01,-1.227697982420452305e-01,3.181929620462700670e-01,5.679911260379800764e-01,7.334979046308216510e-01
2.332526260933767137e-01,2.639355415020698259e-01,3.823752339790307264e-01,7.306428531255600989e-01,1.461864931243460619e+00,3.332759063684639922e-01,5.860551560481600530e-01,2.549994915538436602e-01,5.992525331965935509e-01,-2.403447801850485954e-01,6.957295807683882005e-01,-2.235955680822949709e-01,-6.766557336380760734e-01,7.339307060784310277e-01,-1.258460804914011966e-01,3.580498958069954218e-01,5.977788929583197630e-01,7.177372547210782994e-01
2.310799896878401316e-01,2.502841683807044415e-01,3.621454724960085914e-01,7.164128278452303045e-01,1.443671471822056240e+00,3.269788997918131601e-01,5.906607967040110596e-01,2.555089514705936593e-01,6.653026326600111062e-01,-2.744533165796528840e-01,6.864468550124979140e-01,-1.684539870545853357e-01,-5.142524138536290756e-01,5.996974496279802169e-01,-1.277452410740703426e-01,3.879292671716434993e-01,6.246597562651882152e-01,7.013527457600764459e-01
2.259771899582994903e-01,2.320686699488167803e-01,3.397948406553289447e-01,6.918772587559535170e-01,1.427587606985503799e+00,3.304831024586341037e-01,5.895491080124307670e-01,2.521641472284299468e-01,7.136635600477638786e-01,-3.033858445937335224e-01,6.821995635933705282e-01,-5.753911290955832092e-02,-3.444728778389146151e-01,4.525775970004937143e-01,-1.282997989269626382e-01,4.072278878768833543e-01,6.476168740851800942e-01,6.852379147533026460e-01
2.216749700979375182e-01,2.167069671069333514e-01,3.256980745081528017e-01,6.642577658044181987e-01,1.387877922911014306e+00,3.394376036714508715e-01,5.835621851879265742e-01,2.498649146463970405e-01,7.385962701612733827e-01,-3.239312817587649551e-01,6.809717256073508640e-01,1.045225205798644974e-01,-1.699231720329964779e-01,3.035703186266374698e-01,-1.285182637751479118e-01,4.151071981280034517e-01,6.651468258031572045e-01,6.702525308479305721e-01
2.129393213845696409e-01,1.997840822666388516e-01,3.042669306862352818e-01,6.192566690734625512e-01,1.324941684462921598e+00,3.439151105454230639e-01,5.705120157711363049e-01,2.449778922055403374e-01,7.458999977879291476e-01,-3.385963590384440947e-01,6.823796879739956189e-01,2.334368383410423686e-01,-2.766458351198921792e-02,1.678734948641347202e-01,-1.296975998972624000e-01,4.126272782596216993e-01,6.776030411821084565e-01,6.568548463904854140e-01
2.051851774403932460e-01,1.852675498500278573e-01,2.977879741393164581e-01,5.596447334624330416e-01,1.214564682076900937e+00,3.347965980918014006e-01,5.475735061391966418e-01,2.399365966913015458e-01,7.353729917711427921e-01,-3.356051981684117780e-01,6.855320127635343708e-01,3.983766997121480080e-01,1.304807654728277477e-01,5.539283390938249535e-02,-1.324874007631073047e-01,3.995429709639249927e-01,6.860433558088434580e-01,6.461633422155987905e-01
1.806152684975730616e-01,1.814548010364428476e-01,3.027652027626159259e-01,5.051273970189038565e-01,1.117046160969980217e+00,3.113855310722928871e-01,5.175261342886224858e-01,2.269571571221084272e-01,7.011331146823328586e-01,-3.043929215858459658e-01,6.927187681704258804e-01,5.091180871019644893e-01,2.925931782601248199e-01,-1.220168148249726331e-02,-1.363837327437515123e-01,3.753120486107229814e-01,6.920610449633127770e-01,6.387523374065158244e-01
1.727319657012628962e-01,1.847806414788885077e-01,3.050275328154676835e-01,4.663192622337133386e-01,1.048159389691436960e+00,3.165267709363971393e-01,4.838766655618716994e-01,2.179001488837885858e-01,6.527141702586056748e-01,-2.722040825032802092e-01,7.111585078748948741e-01,4.832149173693854327e-01,4.244553389057112436e-01,-2.794777998668540250e-02,-1.380027645668678304e-01,3.450424352696762065e-01,6.984083221061936353e-01,6.336467759476860362e-01
1.432591457286329362e-01,1.835403064703018949e-01,3.150588703311938410e-01,4.308605445068343087e-01,9.694755094504419191e-01,3.015217925432642776e-01,4.427144569360042525e-01,2.044707034726371553e-01,6.001342933910014388e-01,-2.423316785064156265e-01,7.365863625303196160e-01,4.419002858071132689e-01,5.353239499160152848e-01,-1.433077703263296171e-02,-1.350528270475028214e-01,3.123974943363681533e-01,7.064713453159573442e-01,6.302622117834177917e-01
1.275463563244016441e-01,1.757072321164881712e-01,3.175626044291052219e-01,4.087661802299120684e-01,8.770900276455850797e-01,3.021332469503897888e-01,3.950676538768153612e-01,1.907286116337015558e-01,5.382436944616370011e-01,-2.171344107088633568e-01,7.615402550339847032e-01,3.798946875407099855e-01,6.273438583370428701e-01,1.061485596150490984e-02,-1.269499437671871567e-01,2.790026996972950757e-01,7.160728313618887064e-01,6.277493053477088969e-01
1.011564351437751474e-01,1.770516117559603753e-01,3.233506636241335053e-01,3.930472404041506218e-01,8.331852435523841027e-01,3.014797646628079586e-01,3.437946647904569497e-01,1.794718026280868184e-01,4.703368523422381542e-01,-1.933629300864551648e-01,7.868220055111557754e-01,3.195959786449365514e-01,7.152888657915579262e-01,3.062167902334224368e-02,-1.136609603910744420e-01,2.454006036484079889e-01,7.262455065739984450e-01,6.252216476922275445e-01
1.137642867455198048e-01,1.804092293763119859e-01,3.341595169283000377e-01,4.008229108236827098e-01,8.437055395797596891e-01,3.170813339443684375e-01,3.062704304996918814e-01,1.699442871427080670e-01,3.968656086465931487e-01,-1.748120939301202603e-01,8.108934959298023104e-01,2.491471379909807604e-01,8.035225772368074226e-01,4.085684682915804306e-02,-9.483913639546268093e-02,2.120976770836042191e-01,7.356891556344878902e-01,6.223731240938301656e-01
1.428188780540973757e-01,1.988984215662926713e-01,3.392561662363104968e-01,4.063880172382419165e-01,8.274166606922015443e-01,3.333553493132288548e-01,2.787672830221025744e-01,1.667506807631613241e-01,3.164421958741964191e-01,-1.610405777568472419e-01,8.298156411163727375e-01,1.873518166869247159e-01,8.897307344334435264e-01,4.204801239794939832e-02,-7.049977511891183934e-02,1.791733505618167133e-01,7.434391877587941400e-01,6.191473594005867387e-01
1.837750475587037469e-01,2.187765839518394095e-01,3.509583682677358540e-01,4.120248785706532857e-01,8.672232139057912681e-01,3.575024167758490967e-01,2.543357585637114893e-01,1.727273528851152040e-01,2.301766897720899929e-01,-1.551233338494755476e-01,8.401177879145825811e-01,1.074221176237762920e-01,9.716769554189024216e-01,3.620773224047893479e-02,-4.059221841921509255e-02,1.470409634748112149e-01,7.487538629688661462e-01,6.154721992182277113e-01
2.254503038472138454e-01,2.437734346558797227e-01,3.815075120081475868e-01,4.313151631649402296e-01,9.198687720636350429e-01,3.751730903671881556e-01,2.631903154266628242e-01,1.902171015764414774e-01,1.392421701195740991e-01,-1.581676235116000750e-01,8.435254370386092715e-01,4.832437767534263767e-02,1.051966185129039166e+00,2.236690383462475520e-02,-5.156664268914973662e-03,1.158938051056487423e-01,7.511488450832192187e-01,6.113962315593137742e-01
3.079894733173775823e-01,2.801434398394807568e-01,4.000243810950141476e-01,4.518181058709278552e-01,9.815164972011548583e-01,3.870623677201565083e-01,2.602099236601623233e-01,2.104576262971413758e-01,4.696476593310643793e-02,-1.656162209114886430e-01,8.394150658243814123e-01,-3.787441674402827058e-02,1.120515924102623906e+00,1.418328575312367834e-02,3.528665953086636276e-02,8.588814144602849310e-02,7.508917892321507193e-01,6.066321137942920494e-01
3.787065075362773259e-01,3.119959604091633865e-01,4.107507162436507819e-01,4.606900889282147249e-01,1.056388141163692174e+00,4.010694402200174480e-01,2.387634037844193480e-01,2.119998444958344219e-01,-4.790597507331265797e-02,-1.765438160456020422e-01,8.253394416302013425e-01,-9.604138648196748618e-02,1.167500543426458703e+00,-1.404416589799346859e-04,7.938117060014580895e-02,5.674881255772792898e-02,7.483329833806571241e-01,6.014141449561685171e-01
4.465261806793342503e-01,3.425748311869710183e-01,4.239279943720646315e-01,4.900204241353954826e-01,1.130780052246875389e+00,4.201885380817142468e-01,2.148003364325770381e-01,2.293353201137785513e-01,-1.415216224308542270e-01,-1.928425543059161806e-01,8.051873846571760973e-01,-1.577331664845010861e-01,1.196613603656554448e+00,-2.503507505460188937e-02,1.262320562022620496e-01,2.908519858134761549e-02,7.433841931925048163e-01,5.960187305562464344e-01
5.076459946355132979e-01,3.665035586852697369e-01,4.232791249006305767e-01,4.964814419528510991e-01,1.203931628321472269e+00,3.935766891908737963e-01,2.020915154107119083e-01,2.449635412219698938e-01,-2.332800333704062035e-01,-2.173287060591262698e-01,7.812381497117828477e-01,-2.914286690689595893e-01,1.214401228205867600e+00,-5.086058881103905360e-02,1.766237966671900528e-01,4.240175732943286466e-03,7.365567674905043605e-01,5.898427858292439874e-01
5.626410138178864484e-01,3.954484674765591512e-01,4.214278480200459032e-01,5.191160182541743051e-01,1.275831593614676907e+00,4.143005345368204750e-01,2.076796859060093536e-01,2.620878523673778049e-01,-3.210132470421606654e-01,-2.602347976602730206e-01,7.503252410348444368e-01,-4.144859638239102306e-01,1.218282154457506650e+00,-7.505477631689370932e-02,2.321322925748749155e-01,-1.599699558445579969e-02,7.275946145114934316e-01,5.836411904482564639e-01
6.108521180524694172e-01,4.159831873604526997e-01,4.229126622844572303e-01,5.383822136974678596e-01,1.324737695482170574e+00,4.456917734917396068e-01,2.233899126346030883e-01,2.784520739186808203e-01,-4.078048071879013525e-01,-3.125854208274272406e-01,7.174256809175432181e-01,-4.482855897517465937e-01,1.195210949471887663e+00,-9.575730880470532946e-02,2.899695215664064296e-01,-3.337313724366196971e-02,7.162894738194146571e-01,5.789487063643662390e-01
6.513833959363658499e-01,4.356999011808321276e-01,4.274814004111271437e-01,5.639531037443251682e-01,1.385273731928109875e+00,4.768759482551424567e-01,2.181574415178011705e-01,2.881594892338173453e-01,-4.924567484231103243e-01,-3.625650975831649081e-01,6.817635223638479625e-01,-4.511678931952979310e-01,1.142290219211513858e+00,-1.080613199351964093e-01,3.469156212406238615e-01,-4.899405525223821112e-02,7.019871451364928516e-01,5.766204292884922200e-01
6.831359721561830467e-01,4.532352654985072338e-01,4.275593057505093775e-01,5.902999719742403339e-01,1.437252481885056721e+00,5.186121962238269267e-01,2.726281372647264556e-01,3.125443729956046135e-01,-5.805353979958658428e-01,-4.139800911208065259e-01,6.420034353985338837e-01,-4.071546889245163947e-01,1.062553283209710431e+00,-1.212629460296305722e-01,4.012577260038814320e-01,-6.270265462625058961e-02,6.844210087468272086e-01,5.770520431171158870e-01
7.058279523917878606e-01,4.628909147657647716e-01,4.224811077070894649e-01,6.147853126210205410e-01,1.477903180453663978e+00,5.448791089738497240e-01,2.976044865636661707e-01,3.280172959601588834e-01,-6.583265161258569087e-01,-4.658084622117902862e-01,6.011400866018921096e-01,-2.751442659471755037e-01,9.785616809179005227e-01,-1.414105412014102225e-01,4.501776295467020961e-01,-7.590909119030239682e-02,6.641114844746472956e-01,5.807720850741715513e-01
7.217498561280453195e-01,4.762547556805941662e-01,4.416863114702088700e-01,6.418589556617522174e-01,1.496708606817321652e+00,5.987445007351795967e-01,3.061920126251821417e-01,3.364910392233664282e-01,-7.261757362188882015e-01,-4.952529720522689249e-01,5.622781527296611959e-01,-5.561588830893927221e-02,8.951463851043512943e-01,-1.530733673147073870e-01,4.893921797932512807e-01,-9.291953389077155234e-02,6.432991302401774858e-01,5.875674101452309506e-01
7.259967221946357352e-01,4.825271605711244360e-01,4.447287199871386987e-01,6.592041694471191260e-01,1.502479752353142128e+00,6.157965444276078948e-01,3.123234703556456160e-01,3.423206137637235247e-01,-7.833661652151200361e-01,-5.043673743395323816e-01,5.372505909343590069e-01,1.269636657306870142e-01,7.862015494462700760e-01,-1.465156781180712575e-01,5.173840243156829777e-01,-1.134845445774119999e-01,6.225990809279065008e-01,5.969665418930562018e-01
7.215709813685424745e-01,4.825399739493122508e-01,4.414290188361962297e-01,6.698684878453263769e-01,1.501142035670327779e+00,6.255998038115897497e-01,3.136109585959636625e-01,3.443271887879452708e-01,-8.318132540733198521e-01,-4.943910610905943859e-01,5.235095892531983486e-01,3.038694868978449870e-01,6.417897424548788532e-01,-9.822159178093997633e-02,5.331491696546245551e-01,-1.361168832608506130e-01,6.031818574456054849e-01,6.077887361915021991e-01
7.146440691201756401e-01,4.786918602119286659e-01,4.243185461392312563e-01,6.686958074735718238e-01,1.461913109545446954e+00,6.291280956294039717e-01,3.130922730469183346e-01,3.442661971077708993e-01,-8.645397999829156355e-01,-4.668646191475269158e-01,5.121589388303803281e-01,4.646789315407707233e-01,4.734592339098750990e-01,-2.053422279767744621e-02,5.356797377804769500e-01,-1.592670918497305355e-01,5.858626904847233918e-01,6.188154383706290229e-01
6.983844047348856110e-01,4.684657593477468129e-01,4.101115849396393953e-01,6.711857031230402670e-01,1.421597096415107231e+00,6.052331954495211441e-01,3.095578308075739304e-01,3.407051030417957982e-01,-8.778907296775253499e-01,-4.229754967640715346e-01,5.003295861405232525e-01,6.323261776460469274e-01,3.192431671675146632e-01,8.435619985355399808e-02,5.250202052828398802e-01,-1.821754946623445059e-01,5.715253669033870665e-01,6.290425825947724148e-01
6.724936927684589394e-01,4.561275012230751047e-01,4.043286510958861713e-01,6.706823936278204501e-01,1.355216109374985267e+00,6.059594577252100933e-01,3.049101622712667714e-01,3.340144694872133613e-01,-8.800983889928000181e-01,-3.658049170005731043e-01,4.954762512324183965e-01,7.538953415674142233e-01,1.795745431387388014e-01,2.039649083658821027e-01,5.025073085222944158e-01,-2.048751718632939589e-01,5.611922371595648995e-01,6.379935679284285399e-01
6.388749761493590640e-01,4.402004721355425310e-01,4.011734848509030393e-01,6.657758948521180775e-01,1.293778523639746769e+00,6.017720457334114759e-01,2.993419806459424182e-01,3.242532379836877143e-01,-8.653153519693398410e-01,-2.985787258096048724e-01,4.988203531859778384e-01,8.474206744223858889e-01,3.693846946845760065e-02,3.377619695460892801e-01,4.697638340035875104e-01,-2.262610429032769210e-01,5.553438216718096232e-01,6.450887457138966274e-01
5.958737914859673079e-01,4.195904095879041673e-01,4.012626659630906811e-01,6.544401554368660667e-01,1.219156484284309228e+00,5.957969112168400860e-01,2.918369287737384576e-01,3.125951139732285888e-01,-8.321604675175509058e-01,-2.253443397493375688e-01,5.079731207812855365e-01,9.315193428259832542e-01,-1.133333345878217990e-01,4.697513538121633747e-01,4.275549377970770948e-01,-2.451108737763390277e-01,5.538542409891952234e-01,6.500684822458087098e-01
5.464131266105025642e-01,3.942332466892207732e-01,4.000336067273094764e-01,6.346240098017486009e-01,1.133489312930920700e+00,5.821737275274880830e-01,2.820382822059042116e-01,2.983010218019591653e-01,-7.847768432728103871e-01,-1.431766633064483485e-01,5.230951747996388512e-01,1.025085761750601510e+00,-2.635834390309098052e-01,5.940596257600826435e-01,3.759058444574344682e-01,-2.616649699465198320e-01,5.562999849115812800e-01,6.529621354794113985e-01
4.903002683150187724e-01,3.663549234982903524e-01,3.960045680899130782e-01,6.056944770642846976e-01,1.023676099185166999e+00,5.667602586377256113e-01,2.737736532747227503e-01,2.841719659417496491e-01,-7.217707372143123967e-01,-5.635261362056197265e-02,5.415056344170163793e-01,1.081941942671394763e+00,-4.140448117892319146e-01,7.159528519251509016e-01,3.154774363207099586e-01,-2.755452955393797865e-01,5.624014060807891457e-01,6.535230754399808939e-01
4.253415662537514130e-01,3.334640067602620550e-01,3.883452431443270014e-01,5.671400471672142229e-01,8.993478906281848761e-01,5.365770649783596635e-01,2.602606646377863542e-01,2.632866720306357711e-01,-6.427762716939128262e-01,2.676851726033914469e-02,5.607091251959117617e-01,1.096648001846886045e+00,-5.616351164367212601e-01,8.201710271687316922e-01,2.476326981901247892e-01,-2.853788758686844895e-01,5.717419168331321355e-01,6.516924205523015878e-01
3.470261987694397976e-01,2.893280693245518509e-01,3.785942623433516396e-01,5.282519569021314476e-01,7.607194394784028146e-01,4.972963728056002952e-01,2.430845874444994281e-01,2.399073821890331248e-01,-5.487825013904211735e-01,1.144022378874227780e-01,5.745317951132438150e-01,1.096181515238431325e+00,-6.636716544271596963e-01,9.039112664285481324e-01,1.741468922749530579e-01,-2.918681488989556816e-01,5.834697860290374294e-01,6.473968949141194473e-01
2.720884377754529404e-01,2.534552232146405348e-01,3.633212280785284021e-01,4.994362069629759149e-01,6.611523154668040858e-01,4.599833029873714452e-01,2.276424165875961247e-01,2.156050165827758380e-01,-4.546950150577556693e-01,2.047104204324202426e-01,5.811068287680620781e-01,1.020727223708109976e+00,-7.311886239932183784e-01,9.577196981239957108e-01,9.836256582596551723e-02,-2.952249003325076449e-01,5.968514788071239696e-01,6.403128175823856738e-01
2.162954013995386227e-01,2.207688079924907398e-01,3.525769542004287271e-01,4.786134423374187596e-01,5.646081236372894052e-01,4.410979211438215142e-01,2.132724692174545189e-01,1.988415301671385138e-01,-3.583127697915531318e-01,2.783166092849314044e-01,5.895105593967908675e-01,9.222568023525538061e-01,-7.784911371427910565e-01,1.003211670451095383e+00,2.334666375608783484e-02,-2.931707231894971621e-01,6.116383292050113774e-01,6.302894570956013576e-01
1.528445776834208014e-01,1.941410705126972724e-01,3.425932824515615649e-01,4.492108396772583334e-01,4.721836891627413935e-01,4.051276933596822949e-01,1.994171071153380270e-01,1.789428663764911775e-01,-2.583758330752544685e-01,3.535526571506137916e-01,5.946607440242808185e-01,8.715830284855382581e-01,-8.068148601742594073e-01,1.036774913790562413e+00,-5.090461242033120920e-02,-2.876626900014430110e-01,6.271726248802067527e-01,6.179660532753873392e-01
1.216645032010379990e-01,1.785041363073382181e-01,3.390885672496131154e-01,4.353846920774103180e-01,4.065504908736640721e-01,3.982894496883754853e-01,1.896932906761210347e-01,1.654334654854474618e-01,-1.565448746713483941e-01,4.247492874026598808e-01,5.987288985867996738e-01,8.145035728645472206e-01,-8.288388660603315250e-01,1.068763448144321782e+00,-1.240236602268492833e-01,-2.793739250141223374e-01,6.429949851452827492e-01,6.035259971492967779e-01
9.697722371401681918e-02,1.744771478104518714e-01,3.221795208577614700e-01,4.252436720443960039e-01,4.044480717805971071e-01,3.812066538882962208e-01,1.815762718616639182e-01,1.555235987949424581e-01,-4.486158665878652030e-02,4.875805029578207384e-01,6.007648274755903461e-01,7.180362350921676295e-01,-8.461455743091688131e-01,1.110426705471826647e+00,-1.950313241940683229e-01,-2.670563066870404456e-01,6.585948897880464781e-01,5.866560143334615951e-01
1.087055650369454923e-01,1.731220049333018762e-01,3.152387701609515869e-01,4.214386112577236942e-01,3.995205590646666582e-01,3.682702672698143775e-01,1.749589308303161339e-01,1.482579008272879861e-01,6.935371293229690426e-02,5.381760490665009611e-01,5.910944985431908494e-01,6.017546170186542920e-01,-8.307364256362117505e-01,1.170126637223902089e+00,-2.621912952125899365e-01,-2.493367203221393269e-01,6.739453854652426301e-01,5.664532592041225945e-01
1.109868588895153718e-01,1.854541126364434023e-01,3.288440151208407158e-01,4.275039519567377377e-01,4.028628006311927856e-01,3.489379547950712257e-01,1.733306067302005649e-01,1.487709484899306378e-01,1.827307033857021312e-01,5.613398074091033862e-01,5.770351191190836726e-01,4.517560959082017047e-01,-8.056068416063906223e-01,1.224752384299452546e+00,-3.232154857318337293e-01,-2.246779659773829596e-01,6.894658541319481637e-01,5.426822141922038600e-01
1.190398108130330534e-01,1.883161087884878682e-01,3.403227518366694904e-01,4.240894429372319974e-01,4.478628722918935878e-01,3.319699668635554546e-01,1.731179046522817733e-01,1.499620801262758207e-01,2.997652359155305590e-01,5.621101255182396894e-01,5.589682684832765203e-01,2.993138899314983226e-01,-7.682719411334867354e-01,1.235199921923709976e+00,-3.775670129073396830e-01,-1.933795185820808837e-01,7.050890478597758859e-01,5.158786781901616436e-01
1.344153521033594201e-01,1.976252843095451517e-01,3.459534627475507329e-01,4.270278068232761792e-01,4.746546210124918952e-01,3.075533059238622635e-01,1.720600321490905749e-01,1.511009331796144273e-01,4.149612949836844478e-01,5.505902628551799793e-01,5.374602916592806645e-01,1.562064830386483694e-01,-7.157919223065081216e-01,1.179572137380128005e+00,-4.248383555356415320e-01,-1.575743014779964202e-01,7.204729583645680391e-01,4.877325273818270968e-01
1.651966742565354751e-01,2.054727096469292358e-01,3.490332863287891607e-01,4.204125159324384464e-01,5.078955992426130717e-01,2.834754307034565990e-01,1.720836087649562363e-01,1.517436522295183832e-01,5.227837097248083653e-01,5.320452530905428468e-01,5.118954180465550285e-01,1.650051805111192593e-04,-6.517760806860785072e-01,1.073466095788894625e+00,-4.644788481495600863e-01,-1.193417749369280190e-01,7.351384673872785047e-01,4.600761852892190085e-01
1.702717970891902410e-01,2.087949623434823265e-01,3.478483051139741322e-01,4.085698792760738551e-01,5.178797835266077954e-01,2.695026980571391673e-01,1.729057151094905431e-01,1.482661013893282476e-01,6.151136501889583608e-01,5.020964147347947160e-01,4.824883353663048657e-01,-1.212029141048118208e-01,-5.725717214851910875e-01,9.094001670627667178e-01,-4.956583231508022713e-01,-8.058469319306589551e-02,7.477695424124349843e-01,4.352904176862815167e-01
1.825367626906272689e-01,2.136614833792384593e-01,3.457735629177928760e-01,4.104534458696920129e-01,5.276046250360798551e-01,2.507331491524076306e-01,1.816787788871669640e-01,1.625683941226379048e-01,6.923774304940937263e-01,4.683736052210681344e-01,4.544643788236824022e-01,-2.325641173495930358e-01,-4.858643630348317144e-01,7.161423104768727121e-01,-5.181021766435560671e-01,-4.284983392143109499e-02,7.572973984017442595e-01,4.143017125622742158e-01
1.886169669083392619e-01,2.181625668690763131e-01,3.415359224834978447e-01,4.056135766605666326e-01,5.324470569208428206e-01,2.289032530012832800e-01,1.848836610395190594e-01,1.631798485297634715e-01,7.570025328015803634e-01,4.299697837401306177e-01,4.278984027391446454e-01,-2.987635789289388999e-01,-3.970609541305671897e-01,5.239522511005093586e-01,-5.323393056065308659e-01,-7.551920404380002734e-03,7.635075314728249074e-01,3.974259379034863482e-01
1.901591851070323080e-01,2.212393152395496498e-01,3.441452388176773902e-01,4.144876098583635260e-01,5.395210667508065772e-01,2.664162115192431068e-01,1.889044991148752795e-01,1.644739997267391507e-01,8.087291889188559235e-01,3.911136762595974758e-01,4.040336998495709375e-01,-2.584773107613619336e-01,-3.147470513743830245e-01,3.328611614744539926e-01,-5.408833278135057876e-01,2.293326863788871378e-02,7.659459595228824691e-01,3.860805750886380228e-01
1.963977626791463815e-01,2.314239007584027452e-01,3.492116485531643333e-01,4.210162823126512577e-01,5.413308282860624931e-01,2.768068361593572502e-01,1.904236532328301423e-01,1.665256778421822237e-01,8.422737009713882061e-01,3.635905918981864882e-01,3.850930879638902460e-01,-1.649309391951233883e-01,-2.477979067118863399e-01,1.435064815049943154e-01,-5.473448992861568163e-01,4.610349867608426466e-02,7.635979611797817368e-01,3.810432648923450238e-01
2.002366507842347765e-01,2.409022128715400113e-01,3.515498338048883564e-01,4.229823670617993137e-01,5.426926341198702319e-01,2.742513360135668821e-01,1.913600549108002424e-01,1.678890212813724525e-01,8.612499130978665818e-01,3.485269005492132033e-01,3.665921217703929091e-01,-9.073203087060151273e-02,-1.897408669940741643e-01,-3.108111601126820056e-02,-5.526896607773719161e-01,6.234558474589478594e-02,7.563442889937006530e-01,3.818442430979404612e-01
2.079303155833643058e-01,2.534757246197411051e-01,3.498246405656724733e-01,4.219829235631448183e-01,5.321887392165750574e-01,2.630216913697103753e-01,1.919576708694828715e-01,1.678065031258425266e-01,8.677885564926739459e-01,3.446218849542340701e-01,3.481974625372807330e-01,-2.715040181464154628e-02,-1.314633063340833186e-01,-1.820711001589586930e-01,-5.570221514557092135e-01,7.210605289096888582e-02,7.453769661102647159e-01,3.874701801731954554e-01
2.160012062363450558e-01,2.645126560556518847e-01,3.479005836969806809e-01,4.179733612605939230e-01,5.299412726824213049e-01,2.525726377250595012e-01,1.923758995335352051e-01,1.681760409527809641e-01,8.610454462502329376e-01,3.493386946670460902e-01,3.370258502186693761e-01,7.770003627015138747e-03,-6.474349463942677407e-02,-2.894692050128074845e-01,-5.598534769485744578e-01,7.614773275865568958e-02,7.324026546225710366e-01,3.972023602072040638e-01
2.230454890289129688e-01,2.742415978461440473e-01,3.456751561733100164e-01,4.135163557917224120e-01,5.200124421921983320e-01,2.390104457158816753e-01,1.917828963910002127e-01,1.683482527556260100e-01,8.473329840131517132e-01,3.671568867554772519e-01,3.320954390610701967e-01,2.350828145842877304e-02,-8.900916970345999768e-03,-3.530811254069788352e-01,-5.615164153057999874e-01,7.518470792958316384e-02,7.193139442982382503e-01,4.095886034930322217e-01
2.281954419901849607e-01,2.808748274664448208e-01,3.403955318247766648e-01,4.061491758688199893e-01,5.115233228751651096e-01,2.252734792282212184e-01,1.898270623444024974e-01,1.690811779879726473e-01,8.307363591332348474e-01,3.899602975844281283e-01,3.337640583918922710e-01,2.125119123555998385e-02,3.534084921603029839e-02,-3.887363436384825288e-01,-5.618013801810844976e-01,7.119534298884991341e-02,7.075347726109530999e-01,4.239572514725536978e-01
2.324622969267484407e-01,2.849484566599351232e-01,3.297952803175087655e-01,3.986610376558239466e-01,5.021736570790341636e-01,2.132914330171725437e-01,1.879598968748648902e-01,1.668516501832818244e-01,8.137772141868301334e-01,4.142631155039593338e-01,3.406972670075256171e-01,-9.315853228681128528e-03,6.805075802050319922e-02,-4.012551478944722527e-01,-5.607889719548661001e-01,6.585876467250381672e-02,6.975508316928547003e-01,4.398388797866029654e-01
2.362924719346689573e-01,2.879883025012273112e-01,3.226377272617599878e-01,3.915537130425716383e-01,4.816445750815432358e-01,1.974694736307805454e-01,1.850225580590756924e-01,1.657086968489231149e-01,7.974697857151701319e-01,4.389173438447920850e-01,3.505612493995772239e-01,-2.320492747503193065e-02,1.153192347209582996e-01,-3.933250958513805351e-01,-5.581270553535583323e-01,5.963075249064292427e-02,6.897401365257275208e-01,4.564516037355950684e-01
2.392851645442297948e-01,2.899200473968318592e-01,3.236115440040387981e-01,3.888741793959225590e-01,4.753911339907311850e-01,1.868174560756336033e-01,1.831815318810413595e-01,1.663068253427332777e-01,7.762498202706110684e-01,4.622195530545195608e-01,3.667935272935751723e-01,-7.078953559609287016e-02,1.807391624802248964e-01,-3.716525796388808200e-01,-5.526350046214052458e-01,5.230754589548099881e-02,6.844880291095978286e-01,4.732272989996623713e-01
2.393497439702967355e-01,2.862164685654075558e-01,3.234736720547372046e-01,3.790780955037259536e-01,4.508201999776559887e-01,2.047074947015491697e-01,1.795881481020328019e-01,1.649250306389524745e-01,7.475873306988652933e-01,4.761940547894014664e-01,3.932698361974071299e-01,-1.407121881677372288e-01,2.474368339604069433e-01,-3.469240529269778106e-01,-5.428668551682656052e-01,4.463827266039176872e-02,6.819125385429114505e-01,4.899181094137406434e-01
2.387054873150102063e-01,2.844682112454534062e-01,3.221938718413319136e-01,3.665666005059541876e-01,4.308308174694384096e-01,2.037941571043171973e-01,1.787024874016866216e-01,1.634914698872926564e-01,7.131527138739849336e-01,4.959728276841578465e-01,4.247454360589950073e-01,-1.792905756117973426e-01,3.142861824322872311e-01,-3.115748322865691256e-01,-5.294491883734250282e-01,3.573380336600900237e-02,6.816496866562248291e-01,5.063334846550650026e-01
2.372627009310551149e-01,2.810844543335985213e-01,3.116848515867617353e-01,3.521254107530878974e-01,4.117927001578889357e-01,2.035886305181836553e-01,1.775005925276636476e-01,1.630665782665826347e-01,6.736782682304677250e-01,5.038236436160010712e-01,4.594731006357967162e-01,-2.500988367624210618e-01,3.795168719404735103e-01,-2.772197182910967062e-01,-5.114678412226615345e-01,2.679737578358794281e-02,6.835288037225534241e-01,5.219733960070216394e-01
2.357553351210331383e-01,2.776448310928445462e-01,3.074338852391513277e-01,3.327310815279154177e-01,4.107537914544157065e-01,2.050360297182863556e-01,1.754566024391333301e-01,1.624259093571887025e-01,6.302375311267425229e-01,5.072681273858463680e-01,4.965421352797184662e-01,-3.065758802791288540e-01,4.478684504869956395e-01,-2.474627192857876412e-01,-4.890530756683851288e-01,1.734525491004471065e-02,6.871616761736577539e-01,5.368115879011963187e-01
2.312793658524434914e-01,2.716661088303806149e-01,2.922695084213611239e-01,3.102302768948737577e-01,3.986041462566696225e-01,2.034630594119424263e-01,1.728426732888062034e-01,1.603398913882021215e-01,5.797282452409108222e-01,5.035809102127246639e-01,5.361466378362197416e-01,-3.580745698983803238e-01,5.205163321447752178e-01,-2.209960205121565546e-01,-4.621955609375267837e-01,7.143486528043420727e-03,6.921489703851493314e-01,5.508958072497704972e-01
2.214017888749719443e-01,2.628956077283416959e-01,2.829039540362772720e-01,2.836256034958184458e-01,3.922522984213746566e-01,2.059611556234512142e-01,1.679987037986606924e-01,1.554851586603788471e-01,5.240540606197421347e-01,4.900945909754412799e-01,5.748710589891412592e-01,-3.891155911928885769e-01,5.964010911286600214e-01,-2.165540986768431375e-01,-4.312021898882912319e-01,-4.154523076674219301e-03,6.977222958847958401e-01,5.647132436258660571e-01
2.135046476302188412e-01,2.549000597391056777e-01,2.771138447007387984e-01,2.650959210307640701e-01,3.711225252544360087e-01,2.019223788186319535e-01,1.649967855568045816e-01,1.539111632837798782e-01,4.608247247572954119e-01,4.846860206890120093e-01,6.111739725009970314e-01,-4.020026279712076711e-01,6.883599762719818660e-01,-2.323694817327947582e-01,-3.969113611471027370e-01,-1.778552729991011300e-02,7.024724679544903649e-01,5.790237333084158333e-01
2.158899861136742704e-01,2.542481150569064763e-01,2.758647965949844738e-01,2.516434115388744841e-01,3.730399191664700020e-01,2.142421856787131151e-01,1.660151928551771572e-01,1.557460390402840567e-01,3.828654312872800669e-01,4.759591722020569682e-01,6.471947504013146890e-01,-4.349518934227107891e-01,7.974839163516327378e-01,-2.515711059498138003e-01,-3.573281492456656383e-01,-3.308845483420177341e-02,7.058481594503055456e-01,5.934744987339162225e-01
2.106908297801607932e-01,2.443766885009650558e-01,2.749355704087995123e-01,2.555345782269693444e-01,3.865313813280507604e-01,2.258172789985147255e-01,1.633233583654676857e-01,1.555938161074120751e-01,3.021341579027131963e-01,4.541269418672157498e-01,6.864727281417325466e-01,-4.462758971493238080e-01,8.858302014247076972e-01,-2.422391707743003497e-01,-3.125973691732218396e-01,-4.871905208551115946e-02,7.076927636497474250e-01,6.075031688232015448e-01
2.054173558531576793e-01,2.385650526900710278e-01,2.688512659100674163e-01,2.653393752163337171e-01,4.027290289629113507e-01,2.383943784926084997e-01,1.625053523019535373e-01,1.541033639565980717e-01,2.229128581157042432e-01,4.239325062885431761e-01,7.208507104642617458e-01,-4.415841543865072216e-01,9.519107006576235097e-01,-2.210844712197337081e-01,-2.641912129123770714e-01,-6.385142352781533748e-02,7.076313999930745613e-01,6.201006503427219929e-01
1.996656866521828999e-01,2.319697506692063593e-01,2.684058728842567687e-01,2.900845711727640941e-01,4.344452151886749047e-01,2.525746878655695249e-01,1.620415080115523709e-01,1.550679550665815254e-01,1.422925824306014442e-01,3.787005487473367737e-01,7.502300437196458560e-01,-4.817560865211263366e-01,1.005511168547460032e+00,-1.860920274682943687e-01,-2.121587171809993788e-01,-7.721606221414292759e-02,7.057647928044439301e-01,6.306145054969295449e-01
1.956356229445314066e-01,2.274117757802143203e-01,2.661502057880626992e-01,3.034760889844794196e-01,4.867442996003186195e-01,2.371607064406795473e-01,1.623249399370682022e-01,1.555948411776670592e-01,6.482171833918852488e-02,3.205887598436319985e-01,7.720541269813502305e-01,-5.200103015711646792e-01,1.046682384392091603e+00,-1.337777848740724917e-01,-1.569539447757384854e-01,-8.773879106853084420e-02,7.024103229514644386e-01,6.387483169250040005e-01
1.966863199559374387e-01,2.289181165199812851e-01,2.889933838862844828e-01,3.161085422723448612e-01,5.649756113237177635e-01,2.324735726995536822e-01,1.657020338922653990e-01,1.589073557067973153e-01,-1.703873938214136782e-02,2.487007640275754050e-01,7.869453966370278941e-01,-6.086752515222231263e-01,1.086360292338063749e+00,-8.277818635822348226e-02,-9.806876424105606671e-02,-9.500263654918593426e-02,6.990858836034812285e-01,6.435564334586867385e-01
1.951943301997408897e-01,2.254231394854556425e-01,2.994701144278212324e-01,3.385150404419235981e-01,6.646170529288062401e-01,2.703119910234855205e-01,1.745688915982771261e-01,1.636416426796545864e-01,-9.395066488016770578e-02,1.524558339758787517e-01,7.991242834525551508e-01,-6.711639690955173432e-01,1.100325590606386239e+00,-8.217191899271324151e-02,-3.488277478998719899e-02,-9.874486560680036107e-02,6.964742376584796002e-01,6.457711583716492232e-01
1.955402914108136103e-01,2.233360964462140497e-01,3.103148451909137906e-01,3.713377900079924410e-01,7.603401634840416534e-01,3.124295651270411200e-01,1.844536440675338951e-01,1.679776898584325884e-01,-1.707259664304996427e-01,5.752253332300905075e-02,8.049078166080811947e-01,-6.388639296346242391e-01,1.119567529840806541e+00,-1.600325544305448155e-01,2.956397575074333484e-02,-1.025006639222600935e-01,6.921358248949958103e-01,6.482420406689917147e-01
1.981168054968321379e-01,2.242555844649761765e-01,3.204820045154314068e-01,3.960143062573358019e-01,8.643519921214516399e-01,3.562451681080544552e-01,1.930006798539761481e-01,1.728206342783230320e-01,-2.519609264397251747e-01,-2.290092882558856721e-02,8.048582922786494676e-01,-5.711885639073003285e-01,1.132261913708101586e+00,-2.711063754884408539e-01,9.263220026540870677e-02,-1.093515872816691048e-01,6.840108491260691315e-01,6.531263313359779721e-01
1.986411289322801421e-01,2.227190041526858066e-01,3.234634213521869195e-01,4.247213987494580789e-01,9.758427333395626180e-01,3.973033321030363663e-01,1.988615190371116337e-01,1.746467969376594431e-01,-3.393429271949816028e-01,-9.281871547615827556e-02,8.012568415663683385e-01,-5.777992354082261972e-01,1.132262464459705464e+00,-3.792560359808936910e-01,1.552910694895700272e-01,-1.189228687631460613e-01,6.721625857220916433e-01,6.604474512140285913e-01
2.058786374679212605e-01,2.318959456108441730e-01,3.398460941680805369e-01,4.614563289438499138e-01,1.070168160602064322e+00,4.418139327169601227e-01,2.077478530779689470e-01,1.804430566947280157e-01,-4.300813245778038474e-01,-1.745676323598150392e-01,8.030676643555785255e-01,-5.536300520251860036e-01,1.095182231528418537e+00,-4.470664460014799335e-01,2.187460906346930800e-01,-1.303268301043568611e-01,6.585412244517896418e-01,6.700275436042975041e-01
2.115816158317820606e-01,2.374226118908397964e-01,3.545681531708249623e-01,4.998062573250418028e-01,1.163075403166731414e+00,4.830514840065723292e-01,2.164865770021018876e-01,1.862347036356489516e-01,-5.101425135409175526e-01,-2.313162924872280424e-01,7.953584099915125272e-01,-3.563497260254653853e-01,1.024312506498806119e+00,-4.664299911900287587e-01,2.745684995425750063e-01,-1.452484383162003234e-01,6.417677903820266927e-01,6.809212233820531868e-01
2.105965233166980088e-01,2.424521190971457574e-01,3.602362791460148039e-01,5.362362291185621688e-01,1.248287955862013909e+00,5.180366192756273858e-01,2.236702693493539118e-01,1.797096189272538169e-01,-5.817043301742964578e-01,-2.815814624361600016e-01,7.881363999772291740e-01,-1.932543317756295065e-01,9.300037845625284127e-01,-4.677387973014009992e-01,3.209403032182979731e-01,-1.626899645193642108e-01,6.224914154354264095e-01,6.925754538092439017e-01
2.094848346251176885e-01,2.435581699023234015e-01,3.681001056074794109e-01,5.603914971432225611e-01,1.315433132777261038e+00,5.439093925125911833e-01,2.277121213649382081e-01,1.720508065167952738e-01,-6.466127531221410596e-01,-3.173654814535017410e-01,7.759596363383377549e-01,-2.795460930657301529e-02,8.202784237314810767e-01,-4.668357849717402752e-01,3.569496921494833552e-01,-1.822514437273544674e-01,6.008750725648782653e-01,7.049477822791977433e-01
2.157387882510573007e-01,2.543193574396310219e-01,3.816617850815297031e-01,5.800846343477362721e-01,1.360831444232041054e+00,5.419279317096176163e-01,2.315141069408454266e-01,1.715480095567029073e-01,-7.044709458583868766e-01,-3.353272101577434161e-01,7.565464942107216206e-01,1.602925091875586350e-01,6.965793932077328776e-01,-4.550614867338252378e-01,3.814515033688091750e-01,-2.037285113277046977e-01,5.767566062542602845e-01,7.179272353411633167e-01
2.164137970139947131e-01,2.589126972524216086e-01,3.965447801143139883e-01,5.965446999678847284e-01,1.382896081471567395e+00,5.577914064413382889e-01,2.337661862911468991e-01,1.661335884696331089e-01,-7.502132558113639993e-01,-3.358914320046187396e-01,7.310240347545082784e-01,3.519740045329335931e-01,5.723635373789384140e-01,-4.218056729396231774e-01,3.932974697131155772e-01,-2.264762353874864576e-01,5.503286122648505252e-01,7.309404109414959771e-01
2.215355605432534070e-01,2.680819506836672472e-01,4.086103695511476563e-01,6.085451974435238665e-01,1.391004387188856661e+00,5.644394995803371229e-01,2.267475302549547544e-01,1.616483935687482165e-01,-7.827244721091436430e-01,-3.179294070431720742e-01,7.029433943333338597e-01,5.309683859321844279e-01,4.513962348102507627e-01,-3.705651756722533885e-01,3.924285287183599813e-01,-2.499831729699738547e-01,5.224162209333628182e-01,7.432971972030523178e-01
2.262267945653993473e-01,2.730094633995976960e-01,4.184208044269146498e-01,6.216578961458709696e-01,1.388740519530622386e+00,5.655527258772999888e-01,2.311307306654641069e-01,1.709826833110537347e-01,-8.037432295353237333e-01,-2.885273607354065240e-01,6.742157281764934451e-01,6.938829133553182649e-01,3.333738010673109042e-01,-3.011724562938266070e-01,3.796161593659224676e-01,-2.730376188093482925e-01,4.939296435643729111e-01,7.546392167985949140e-01
2.280324558196351603e-01,2.739058873376216674e-01,4.238331753734744245e-01,6.295524747149865430e-01,1.373553591167221644e+00,5.635271870533601346e-01,2.370361604046934412e-01,1.819873250339310577e-01,-8.080999879916892503e-01,-2.427272806274593520e-01,6.414613834658310365e-01,8.479802380518901561e-01,2.159712933296565329e-01,-2.234800203958086928e-01,3.550821921240852053e-01,-2.951530091189142890e-01,4.655547016799698179e-01,7.642582859550566265e-01
2.301174487183667017e-01,2.741841939118623839e-01,4.262226141379499289e-01,6.337855023331340210e-01,1.339124043976392953e+00,5.844329823695747494e-01,2.317672992938379084e-01,1.952066310428012264e-01,-8.025770624241396201e-01,-1.924397926357525601e-01,6.071417638126818117e-01,9.490017408364463947e-01,1.196884573445643335e-01,-1.458876009890486547e-01,3.210852972505099379e-01,-3.155528892109306649e-01,4.381674577825294126e-01,7.725226977285262198e-01
2.294183508044360664e-01,2.741452412421712115e-01,4.245266354010023835e-01,6.323955070673129564e-01,1.293811838423035487e+00,6.022692048071012216e-01,2.389115264362712820e-01,2.208092982675644578e-01,-7.901197432121366271e-01,-1.348052247130619996e-01,5.719310518631679496e-01,1.044849372904181894e+00,3.876101667589430810e-02,-6.135295761584937807e-02,2.790796575671426472e-01,-3.343168928785900107e-01,4.120493697660025934e-01,7.790531440436451183e-01
2.308452485994381964e-01,2.724861650344047037e-01,4.260350262812794830e-01,6.285197164330433850e-01,1.234207078303791061e+00,6.149631623102684852e-01,2.436945042462423938e-01,2.597235278241505352e-01,-7.736233026437023819e-01,-6.936581010150015547e-02,5.361872250733012990e-01,1.151076359547619443e+00,-1.299134913208710267e-02,2.601221855013994069e-02,2.303663918842538683e-01,-3.524308468812500372e-01,3.876684176596665310e-01,7.831326200690159611e-01
2.300564570381924412e-01,2.666202004999941311e-01,4.188467211178797389e-01,6.070983107785485888e-01,1.173120579130900509e+00,5.853324815183637009e-01,2.492570479851640985e-01,2.961094215967045029e-01,-7.585655858150295305e-01,-2.067529657321300063e-03,5.034673449508174636e-01,1.201289264472539031e+00,-5.324181844541416714e-02,1.049860331296586374e-01,1.767919179586912581e-01,-3.704077620542778337e-01,3.653236360014979756e-01,7.846884007760293045e-01
2.272159873615035575e-01,2.598906142757205218e-01,4.049108910007434003e-01,5.904065792807634550e-01,1.089038166391788742e+00,5.847071886627952519e-01,2.518084478499344470e-01,3.253577511834828129e-01,-7.398823226880705262e-01,7.421697245676836530e-02,4.712700625379099284e-01,1.276805680783773767e+00,-9.522065644192090339e-02,1.849126479838254788e-01,1.184754280268887211e-01,-3.879483837885703279e-01,3.446441636282049914e-01,7.834203579965759445e-01
2.222420902165379852e-01,2.542716916727779664e-01,3.960448661643231616e-01,5.627499275324949757e-01,9.762635246792733534e-01,5.713140691788197723e-01,2.534462538499149264e-01,3.601524796526744399e-01,-7.186559259933693600e-01,1.725769382430125953e-01,4.431165366722966126e-01,1.370272138292324415e+00,-1.173353435795678745e-01,2.335057924418484365e-01,4.895960329498046798e-02,-4.075537611094933732e-01,3.270262475035826677e-01,7.821481944844412837e-01
2.169417873367937566e-01,2.485287167257676233e-01,3.864065752558694666e-01,5.341514020400297547e-01,8.620524090558568941e-01,5.585454511358640683e-01,2.546363679532863689e-01,3.934739711215036739e-01,-6.957528409526569924e-01,2.722333251951674082e-01,4.152301193523847411e-01,1.439605344910313223e+00,-1.322589382995738028e-01,2.744356089989432590e-01,-2.162495898638839426e-02,-4.262683623204421846e-01,3.106080840411570843e-01,7.799437402702256161e-01
2.114660353918915436e-01,2.428345230632466822e-01,3.762113433271982998e-01,5.055254672241641378e-01,7.494723761775068382e-01,5.472886383616084593e-01,2.553365776162068168e-01,4.243396769073292107e-01,-6.718502291218360067e-01,3.711015561595152334e-01,3.877058368919823472e-01,1.480437974057550621e+00,-1.405622419939496215e-01,3.070290054916948730e-01,-9.179380901910036417e-02,-4.438580678853998318e-01,2.954194422888809513e-01,7.769157865241171912e-01
2.059657910514473556e-01,2.373619443137663654e-01,3.656744954301163197e-01,4.777865875056830913e-01,6.415909827001681220e-01,5.384309346837196086e-01,2.555046702948285953e-01,4.517670483275000315e-01,-6.476252520567911120e-01,4.670970539823376955e-01,3.606387156048868059e-01,1.488402699153819064e+00,-1.428160560547044877e-01,3.306128897566840141e-01,-1.600624970050414653e-01,-4.600887582683409471e-01,2.814900912946987632e-01,7.731731244162867167e-01
2.005920109850768962e-01,2.322838141058779227e-01,3.550113566164301848e-01,4.518492273053705266e-01,5.414757852797836835e-01,5.328596439298642906e-01,2.550984334453038627e-01,4.747735366993674488e-01,-6.237550713134076830e-01,5.581352415099194442e-01,3.341237818048953256e-01,1.459132193618902784e+00,-1.395911818738471144e-01,3.445141696304907519e-01,-2.249465731460972562e-01,-4.747263139332400517e-01,2.688498001065551257e-01,7.688245451169051226e-01
1.954956518623959250e-01,2.277729660681327983e-01,3.444372519379467201e-01,4.286278510440110767e-01,4.521943405722985698e-01,5.314620699277093907e-01,2.540756545237848329e-01,4.923765933402814432e-01,-6.009168484475699845e-01,6.421315415885406885e-01,3.082560618058052260e-01,1.388259130872583347e+00,-1.314584208433879908e-01,3.480597529496958220e-01,-2.849615876441533024e-01,-4.875366153440717776e-01,2.575283377723947553e-01,7.639788397961428945e-01
1.908276703530201734e-01,2.240022338290819093e-01,3.341675064464724176e-01,4.090369231423888197e-01,3.768142052336543868e-01,5.351255165049211282e-01,2.523941209864237756e-01,5.035936695675919950e-01,-5.797877450151642797e-01,7.170013770644833029e-01,2.831305819214139374e-01,1.271416184334643207e+00,-1.189885743553353858e-01,3.405765475508797380e-01,-3.386230907010945868e-01,-4.982855429648107570e-01,2.475554733401621466e-01,7.587447996241709625e-01
1.867390231265655398e-01,2.211444510172768663e-01,3.244174451938139359e-01,3.939909080212887216e-01,3.184029359197974030e-01,5.447372874891669436e-01,2.500116202893729045e-01,5.074422166986496396e-01,-5.610449225720757216e-01,7.806601707840301607e-01,2.588423684655186685e-01,1.104236027424868150e+00,-1.027524438016982344e-01,3.213914612706232354e-01,-3.844466325188071743e-01,-5.067389772594316222e-01,2.389609758578019605e-01,7.532312157711599232e-01
1.833806668526478112e-01,2.193724512612686972e-01,3.154023932317779888e-01,3.844042701014945829e-01,2.800280892866690019e-01,5.611846867081129453e-01,2.468859398887844059e-01,5.029396860508046352e-01,-5.453655426741890189e-01,8.310233455934640245e-01,2.354864477519167387e-01,8.823513335630364107e-01,-8.332083057448746999e-02,2.898314019455066060e-01,-4.209477632991759921e-01,-5.126627986919086721e-01,2.317746143732585251e-01,7.475468794072804846e-01
1.809035582008826915e-01,2.188590681896087908e-01,3.073376756121712905e-01,3.811914738037911476e-01,2.647572219902142865e-01,5.853550179894261296e-01,2.429748672408105492e-01,4.891035289414070175e-01,-5.334267668773897686e-01,8.660063243390657695e-01,2.131578460944053566e-01,6.013947761689333316e-01,-6.126453606571069521e-02,2.452232774121108072e-01,-4.466420332440871888e-01,-5.158228877262167611e-01,2.260261579344768901e-01,7.418005817027033544e-01
1.794586538408859955e-01,2.197771354308484526e-01,3.004386173868002219e-01,3.852669835489630490e-01,2.756578906863785816e-01,6.181355851607732710e-01,2.382361898016036039e-01,4.649511966878069336e-01,-5.259057567375626796e-01,8.835245298671188241e-01,1.919515898067820636e-01,2.569990286623434761e-01,-3.715436166737728918e-02,1.868939955070159087e-01,-4.600449925554271347e-01,-5.159851248263304102e-01,2.217453755894013279e-01,7.361011138275992405e-01
1.791969104422734271e-01,2.222994866135388492e-01,2.949205436074715525e-01,3.975452637577941428e-01,3.157976520311059354e-01,6.604136920498213659e-01,2.326276950273157007e-01,4.295001406073545303e-01,-5.234796738105940150e-01,8.814933850239032864e-01,1.719627052028438463e-01,-1.552032355369543370e-01,-1.156110877149796323e-02,1.141704640668026460e-01,-4.596721914350799243e-01,-5.129153904562243627e-01,2.189620363859763330e-01,7.305572669521391838e-01
1.802692846746609678e-01,2.265989553662312306e-01,2.909987793259922739e-01,4.189407788510686736e-01,3.882440626803372874e-01,7.130766424842360784e-01,2.261071703740991090e-01,3.817678120174009537e-01,-5.268256796523680396e-01,8.578283126557033622e-01,1.532862185963883572e-01,-6.395793430091752940e-01,1.494442122992079014e-02,2.637959092805219896e-02,-4.440391800849317616e-01,-5.063795650798730286e-01,2.177059093721467331e-01,7.252778322464934480e-01
1.828267332076642104e-01,2.328483753174768744e-01,2.888886495941686006e-01,4.503679932495714411e-01,4.960646792900195723e-01,7.770117402916854044e-01,2.186324032981061261e-01,3.207716622352960734e-01,-5.366209358187703504e-01,8.104447356088013699e-01,1.360171563012125828e-01,-1.200496620334533748e+00,4.179142694486670528e-02,-7.715171607265569609e-02,-4.116615087068675183e-01,-4.961435291612510401e-01,2.180067635958570227e-01,7.203716008808329629e-01
1.870202127108989976e-01,2.412205800958271140e-01,2.888054794638075240e-01,4.927413713740863566e-01,6.423270585160951729e-01,8.531062892998351188e-01,2.101611812554888548e-01,2.455291425783896753e-01,-5.535426038656862113e-01,7.372580767294770743e-01,1.202505446311140647e-01,-1.842322394093252491e+00,6.840910698133262358e-02,-1.970965490987403035e-01,-3.610547275027733982e-01,-4.819731631643330294e-01,2.198943681050519183e-01,7.159473640253284366e-01
