1.710424765635076561e-01,3.346830414119399411e-01,4.155487799221283529e-01,3.102042468939568143e-01,6.780285746850739370e-01,4.528432062750955001e-01,1.777803500285564942e-01,1.644720362649679246e-01,-1.036865455478725773e+00,2.342542668385842464e-01,3.440954587737998782e-01,1.926254090809154107e-01,-4.057248762063611069e-01,1.131094678296489936e-01,2.953646741081487545e-02,-6.154493249100293495e-01,2.026382636497138512e-01,7.645618124719026909e-01
1.711146083454240796e-01,3.267698570639672173e-01,4.166786259243288604e-01,3.086160362048503969e-01,6.684881629114126644e-01,4.026716174913592128e-01,1.755330078595437882e-01,1.631428442472889484e-01,-9.403076066587537918e-01,3.068033046962586052e-01,3.959802058682020398e-01,7.302046997735536782e-02,-3.837180894071960391e-01,3.146731405091513500e-01,2.467375341508641629e-03,-5.772949276976510058e-01,2.428800292659318294e-01,7.834499936413646948e-01
1.710076656298836206e-01,3.193021674951024846e-01,4.180989775905330497e-01,3.073613012203648132e-01,6.599178972240434815e-01,3.594864214112663547e-01,1.735068208294132108e-01,1.619086671975137059e-01,-8.484520723691079125e-01,3.666048760787468663e-01,4.472894493799600135e-01,-3.301862046707410014e-02,-3.654784792151847816e-01,4.898916102188297650e-01,-2.115896330671046890e-02,-5.404051976865906770e-01,2.841077026190244048e-01,7.956429958487549747e-01
1.707367870463512016e-01,3.122517531242073319e-01,4.197241435697892653e-01,3.064254799130536333e-01,6.523254807244415199e-01,3.228694835867806368e-01,1.716915796906615665e-01,1.607663884498300999e-01,-7.610936872341369508e-01,4.143758595234761088e-01,4.977623453688418409e-01,-1.262326563666237300e-01,-3.507151872289073768e-01,6.398552825215527706e-01,-4.157825665075755295e-02,-5.046940367345245093e-01,3.260448594061575167e-01,8.016702360448405562e-01
1.703171112242917173e-01,3.055903943701432923e-01,4.214684325111456853e-01,3.057940102554703721e-01,6.457186165140822443e-01,2.924026695698658251e-01,1.700770751957856042e-01,1.597128913384259219e-01,-6.780272858781895007e-01,4.508331335678736340e-01,5.471380498946155635e-01,-2.073624318355440366e-01,-3.391373550469436449e-01,7.656545629801884134e-01,-5.902621280754770383e-02,-4.700753466991292595e-01,3.684150753244969101e-01,8.020611311803883536e-01
1.697637767931700903e-01,2.992898716517718438e-01,4.232461530636505431e-01,3.054523302201685997e-01,6.401050076944410083e-01,2.676678449124855752e-01,1.686530980972821281e-01,1.587450591974889913e-01,-5.990477029256142671e-01,4.766935767493666321e-01,5.951557190170491118e-01,-2.771487409880857844e-01,-3.304541242678736279e-01,8.683798571576051284e-01,-7.373853989399600795e-02,-4.364630294380811293e-01,4.109419260712084965e-01,7.973450982061651704e-01
1.690919223824512430e-01,2.933219653879545197e-01,4.249716138763520723e-01,3.053858777797018309e-01,6.354923573669928327e-01,2.482468751666037088e-01,1.674094391476479149e-01,1.578597753612071553e-01,-5.239497730007597331e-01,4.926740676053822376e-01,6.415545087959106940e-01,-3.363323779384996826e-01,-3.243746364902772017e-01,9.491215706166711286e-01,-8.595094602701758291e-02,-4.037709868090566534e-01,4.533489873434580764e-01,7.880515540729381430e-01
1.683166866216000701e-01,2.876584559975527977e-01,4.265591235982986174e-01,3.055800909066235804e-01,6.318883686332132932e-01,2.337216258841838812e-01,1.663358890993797135e-01,1.570539231637682331e-01,-4.525283307279747147e-01,4.994914846733477520e-01,6.860735752909681295e-01,-3.856541368010362181e-01,-3.206080333127343529e-01,1.008970108920254738e+00,-9.589913932352751857e-02,-3.719131206697320891e-01,4.953598348384115058e-01,7.747099157314740747e-01
1.674532081400814942e-01,2.822711238994282668e-01,4.279229908785382452e-01,3.060204075734874185e-01,6.293007445945776324e-01,2.236739626171898865e-01,1.654222387049743004e-01,1.563243859393600999e-01,-3.845782107316076948e-01,4.978627064906903654e-01,7.284520745619894599e-01,-4.258548116899463221e-01,-3.188634563338249572e-01,1.049015877631224614e+00,-1.038188279004409048e-01,-3.408033328777840820e-01,5.366980442532346407e-01,7.578496001325397691e-01
1.665166255673604379e-01,2.771317495124424046e-01,4.289775243661193560e-01,3.066922657528469154e-01,6.277371883525610929e-01,2.176857509175854355e-01,1.646582787169284801e-01,1.556680470221705193e-01,-3.198942476360074894e-01,4.885046115948372680e-01,7.684291626687427268e-01,-4.576751967194804260e-01,-3.188500471521290014e-01,1.070349282312448747e+00,-1.099457198746728454e-01,-3.103555252908888340e-01,5.770871912850932262e-01,7.380000242269022515e-01
1.655220775329018235e-01,2.722121132554567446e-01,4.296370327100900721e-01,3.075811034172555303e-01,6.272054030086389176e-01,2.153388563373341835e-01,1.640337998877390013e-01,1.550817897463873385e-01,-2.582712760655225814e-01,4.721340785232156501e-01,8.057439956709960827e-01,-4.818560860038895166e-01,-3.202769473662263611e-01,1.074060728526795350e+00,-1.145155233631384301e-01,-2.804835997667229908e-01,6.162508516311532292e-01,7.156906049653285473e-01
1.644847026661705458e-01,2.674839955473328201e-01,4.298158245594986826e-01,3.086723585392668889e-01,6.277130916642865710e-01,2.162151444283999802e-01,1.635385929699026408e-01,1.545624974461984324e-01,-1.995041306445018980e-01,4.494679858132527572e-01,8.401357296285174581e-01,-4.991382736574236922e-01,-3.228532985746970230e-01,1.061240621837133080e+00,-1.177639464827527210e-01,-2.511014581629627540e-01,6.539126009885805058e-01,6.914507592985855711e-01
1.634196395966314996e-01,2.629191768069320534e-01,4.294282085633934209e-01,3.099514690914344506e-01,6.292679574209791848e-01,2.198964807427465362e-01,1.631624487159161752e-01,1.541070534557915650e-01,-1.433876459972939221e-01,4.212232120023757242e-01,8.713435206010747835e-01,-5.102625537943341616e-01,-3.262882423761209738e-01,1.032979367806330151e+00,-1.199266973504308914e-01,-2.221230023372847140e-01,6.897960150545408009e-01,6.658099041774399041e-01
1.623420269537496352e-01,2.584894374531160888e-01,4.283884933708225762e-01,3.114038730463117854e-01,6.318777033801921128e-01,2.259647308323375070e-01,1.628951578782764087e-01,1.537123411093546388e-01,-8.971665674824713665e-02,3.881166356280118523e-01,8.991065246484362117e-01,-5.159697205288713562e-01,-3.302909203690779782e-01,9.903673719972545531e-01,-1.212394840830879478e-01,-1.934621341473651279e-01,7.236246695262000816e-01,6.392974565526587938e-01
1.612670033669898473e-01,2.541665579047464041e-01,4.266109876308342708e-01,3.130150083764524638e-01,6.355500326434007086e-01,2.340017602491366033e-01,1.627265112094800903e-01,1.533752437410754177e-01,-3.828599752171024662e-02,3.508651352275883872e-01,9.231638978303695620e-01,-5.170005679752858185e-01,-3.345704741521481895e-01,9.344950399727749435e-01,-1.219380147976390633e-01,-1.650327554508805861e-01,7.551221401007239820e-01,6.124428333750092657e-01
1.602097074658133113e-01,2.499223185806787595e-01,4.240099999924671348e-01,3.147703130544028394e-01,6.402926483120657819e-01,2.435894345451018184e-01,1.626462994620202218e-01,1.530926446851382239e-01,1.110949705796822513e-02,3.101855893385255802e-01,9.432547962066218927e-01,-5.140958902478167669e-01,-3.388360453239036563e-01,8.664527772957419938e-01,-1.222579976109967881e-01,-1.367487681055040427e-01,7.840120024752610384e-01,5.857754515952440233e-01
1.575629760673251667e-01,2.420533667679389545e-01,4.077733996879153722e-01,3.060264637789947284e-01,6.312607542949941752e-01,2.417202189350541319e-01,1.605905210655570459e-01,1.521752068068861763e-01,6.817209107025326564e-02,2.618934923747284760e-01,9.537287228075165268e-01,-5.385212832769645797e-01,-3.267418705544767876e-01,7.732278243655062999e-01,-1.241209077519818127e-01,-1.018437192319574108e-01,8.114412877279991720e-01,5.611517399150199870e-01
1.569807361624679931e-01,2.339342978129718698e-01,4.014876688840698926e-01,3.077342308238751878e-01,6.365285903355947239e-01,2.560337874411691139e-01,1.598919356867539165e-01,1.519461036048868618e-01,1.207176514782811738e-01,2.080180333735668352e-01,9.569814787895420949e-01,-5.426973022379426581e-01,-3.166154211152595876e-01,6.599169604431213143e-01,-1.251853419682469049e-01,-6.737446118717549393e-02,8.337350390841991032e-01,5.380508031413049341e-01
1.572841569579569443e-01,2.278766451408705540e-01,3.953008573598347786e-01,3.151044859575427015e-01,6.762618510259501559e-01,2.763183901828353273e-01,1.647876712247784425e-01,1.530752184908027169e-01,1.701070357531055954e-01,1.562428404508761359e-01,9.556778483352494913e-01,-5.143817303302111732e-01,-3.108831984224630918e-01,5.360996284748675844e-01,-1.266752549304841213e-01,-3.392799468001431867e-02,8.500660732544119691e-01,5.174565836891114046e-01
1.563185407777184510e-01,2.268331236212497437e-01,3.932548171307944096e-01,3.274611953468049008e-01,6.932646913461367744e-01,2.885925814165676284e-01,1.651044179335827700e-01,1.524709395754623720e-01,2.147377886730155727e-01,1.066485943188113239e-01,9.494539288445276171e-01,-4.923312883671546181e-01,-3.167636834470140550e-01,4.107330322450039595e-01,-1.294082773644801565e-01,-1.817861036195173204e-03,8.608518913970581998e-01,5.000678180095682324e-01
1.569340954658640930e-01,2.232023247779326147e-01,3.851193470517467743e-01,3.303595814929028984e-01,7.072579253975548319e-01,2.978264142738801801e-01,1.658373431659293795e-01,1.529834747029775177e-01,2.572271945153646322e-01,6.238929855773943378e-02,9.369868331447603893e-01,-4.660250786108833809e-01,-3.344868700586773880e-01,2.943430262558542898e-01,-1.338591510177539468e-01,2.909687483880718517e-02,8.666093102388433556e-01,4.864065822999354971e-01
1.559003121136661174e-01,2.216273043310785784e-01,3.742987054396472724e-01,3.309141445008743077e-01,7.167593015914304200e-01,3.040327021329608526e-01,1.657076717786681030e-01,1.526862043290187210e-01,2.995204287118193309e-01,2.371563613927031577e-02,9.188249333223570403e-01,-4.449958402716721606e-01,-3.569570948941831467e-01,1.879391381972626562e-01,-1.403514686697645286e-01,5.912267929735993272e-02,8.679415125271280340e-01,4.766484396163447879e-01
1.572211151372725768e-01,2.218369311982323067e-01,3.666829459799000324e-01,3.351210328275184835e-01,7.249352619455516900e-01,3.025043223827107441e-01,1.646205847732084837e-01,1.523320425559057667e-01,3.412843006591840811e-01,-1.335097907081075376e-02,8.960461118414192461e-01,-4.250132502804039314e-01,-3.706096764018438350e-01,8.413534846041317850e-02,-1.485440860073643787e-01,8.820533262571642052e-02,8.654615788019961453e-01,4.708976147017271963e-01
1.563923458360806096e-01,2.169078808769193123e-01,3.568227951967640754e-01,3.391572469567001313e-01,7.226965085085655938e-01,3.067209488767777548e-01,1.653109695899713794e-01,1.528276640242128837e-01,3.845862906385794089e-01,-4.426951663464359643e-02,8.737979857669935235e-01,-4.152499664487607767e-01,-3.676145790298255278e-01,-1.568144026589706613e-02,-1.581032916438417091e-01,1.159215453233241738e-01,8.595550538037634025e-01,4.691393945987872294e-01
1.555943286425395811e-01,2.144441245189541156e-01,3.439340743451410609e-01,3.407081782525608893e-01,7.395558389930483312e-01,3.063744751305774727e-01,1.651823232729650592e-01,1.529045442933401611e-01,4.291695930294924799e-01,-6.714333792597687589e-02,8.533360931337652389e-01,-4.028221463577257855e-01,-3.473844812677903682e-01,-1.176050741775477859e-01,-1.683834869522537470e-01,1.418652059720338643e-01,8.505643216198819356e-01,4.715496674476905015e-01
1.547184061096161800e-01,2.090604555395351727e-01,3.328925300930826725e-01,3.416276662713230716e-01,7.522795235336112718e-01,3.071125257141992804e-01,1.657958278206006497e-01,1.529486223143064760e-01,4.689774267810083996e-01,-8.386562523700390182e-02,8.346769255928109255e-01,-3.997108403972967627e-01,-3.210474294217040003e-01,-2.205472681053455009e-01,-1.787533312133902375e-01,1.657338698968183477e-01,8.387754836149956539e-01,4.782732341061308179e-01
1.551022949201250334e-01,2.049283973415082227e-01,3.211334366625030468e-01,3.419480007260199406e-01,7.527182536027641202e-01,3.083672117063563367e-01,1.660910480540494227e-01,1.515576019782303996e-01,5.055791650602825538e-01,-9.603695749380408708e-02,8.149573053866480121e-01,-4.112756327251100297e-01,-2.810472216371631138e-01,-3.246544118255915712e-01,-1.883041733202977519e-01,1.874401598342783082e-01,8.243788108861960229e-01,4.894050787786780043e-01
1.557193872136532486e-01,2.025030811181066093e-01,3.136616995735875824e-01,3.455864875962499361e-01,7.496696946643043313e-01,3.100816417078943732e-01,1.660731093245863543e-01,1.515068610006064243e-01,5.337490776525560809e-01,-1.021338320197924254e-01,7.977710299164288976e-01,-4.067557244626923696e-01,-2.274292398463243770e-01,-4.249694104527381722e-01,-1.963533041327586715e-01,2.062580771726738593e-01,8.073725579592490043e-01,5.048719348714402200e-01
1.571093824794742577e-01,1.989245608577960012e-01,3.033510304133657520e-01,3.435286590592766531e-01,7.518146541729551213e-01,3.140517388056265902e-01,1.658214545769764459e-01,1.525139925261736473e-01,5.551845208375340013e-01,-1.025337792465089715e-01,7.836644468443290101e-01,-3.873125405922278608e-01,-1.678320783435260088e-01,-5.090163082055741972e-01,-2.031163357256259294e-01,2.213206589950898473e-01,7.881168791088944969e-01,5.240182135490720761e-01
1.560212704037596543e-01,1.959872220420068034e-01,2.944857103127365150e-01,3.396016149122557670e-01,7.555566731389430357e-01,3.144458783186857564e-01,1.667383799201009875e-01,1.516006549289417027e-01,5.730543604320325057e-01,-9.673716139776303291e-02,7.720825676730278531e-01,-3.377476500043894436e-01,-1.080127436437374744e-01,-5.736246484014180247e-01,-2.091539044079560317e-01,2.321306268687386154e-01,7.671578674825014765e-01,5.460495641490688001e-01
1.564092594952886106e-01,1.946392546566420301e-01,3.002522430324092162e-01,3.444635231318641799e-01,7.505927704289588887e-01,3.130917605117907176e-01,1.666538116240609824e-01,1.504023478008112980e-01,5.857633995158627593e-01,-8.409384203723649365e-02,7.634998976924940450e-01,-2.949052334930570840e-01,-3.438386322919297078e-02,-6.182106343401960746e-01,-2.145521742607590654e-01,2.380994952512896223e-01,7.452281298817350352e-01,5.700604998789916555e-01
1.564835770887783029e-01,1.926408801944605453e-01,3.011830068239766955e-01,3.429300180303389567e-01,7.448964550217558322e-01,3.143013434127264749e-01,1.668767644045300869e-01,1.510450668507153094e-01,5.894020798835691854e-01,-6.577063016672420048e-02,7.579669487561760954e-01,-2.455565679848875082e-01,4.988234381229329079e-02,-6.511922839860051493e-01,-2.188909611026661761e-01,2.390447902048727369e-01,7.229034014077777570e-01,5.953814611500595211e-01
1.579929930393103588e-01,1.905512744795813673e-01,3.073949325694600443e-01,3.467243155793334752e-01,7.454638314079151673e-01,3.080448271111492775e-01,1.657614879670571695e-01,1.516160309827671582e-01,5.858560292686182391e-01,-4.071818276620400162e-02,7.573127140951890768e-01,-1.882868827599290529e-01,1.429333693860355414e-01,-6.728502603561632434e-01,-2.218816432233431668e-01,2.346517905289666750e-01,7.005979136702441545e-01,6.214147718937538256e-01
1.594506429419633720e-01,1.931903178511567565e-01,3.174360082526089255e-01,3.483439265822813047e-01,7.302620395258164754e-01,3.074795008655000772e-01,1.674200516396961436e-01,1.514320308719891983e-01,5.727798781316228993e-01,-9.966734265977179180e-03,7.605921332256623257e-01,-1.270479307260751478e-01,2.405310697501421013e-01,-6.799668522803792303e-01,-2.233830447264276708e-01,2.246633180021865295e-01,6.787408399721223118e-01,6.475374395457517140e-01
1.609308443902270902e-01,1.974628106741228295e-01,3.315922284745768112e-01,3.564163548406444892e-01,7.262791290498963326e-01,3.088643707800460270e-01,1.677101465218696907e-01,1.497452777673368984e-01,5.491616612365886052e-01,2.585797074084777297e-02,7.661596455025606600e-01,-6.224969137722633633e-02,3.352619978659259203e-01,-6.684612106748188953e-01,-2.234995156770425428e-01,2.090960840003929233e-01,6.578657339102087498e-01,6.730451626076832117e-01
1.636226788799365062e-01,2.003442831610129093e-01,3.469769953971983956e-01,3.603680006737861596e-01,7.347949001935603075e-01,3.105403606470204525e-01,1.667163409096178439e-01,1.491620127922247130e-01,5.172014339638620894e-01,6.560966375202088863e-02,7.723205115848237323e-01,9.818358992027494125e-03,4.252653843646432286e-01,-6.431710274773168035e-01,-2.222936636438683500e-01,1.881205643497447233e-01,6.385153348334446921e-01,6.972915189460093810e-01
1.666927642937521270e-01,2.029182345713938795e-01,3.643580866414914410e-01,3.645379864712492424e-01,7.490233878685076396e-01,3.096408614982313900e-01,1.664006192710685283e-01,1.488837062179839965e-01,4.776252239704359415e-01,1.091342416447542429e-01,7.821724955600738438e-01,8.277752545629905867e-02,5.151767953455188565e-01,-6.052195055087506992e-01,-2.196928041957722233e-01,1.618528275569958985e-01,6.211137181324191125e-01,7.198301582768930063e-01
1.660428697520629771e-01,2.076499588686135378e-01,3.782570142294466864e-01,3.744094130271906629e-01,7.446878532248571991e-01,3.097054409242983031e-01,1.666784133101817111e-01,1.491825141973252833e-01,4.293290781581708959e-01,1.565520342204685944e-01,7.959093002641638437e-01,1.368274066548713086e-01,6.029084416287051607e-01,-5.479705285440967799e-01,-2.153026774559629875e-01,1.307444004368270574e-01,6.062481656506821803e-01,7.400358486244252854e-01
1.664898003832561424e-01,2.171400592896836623e-01,4.034978316541841803e-01,3.871325850326261531e-01,7.453643995931771293e-01,3.052499730608092543e-01,1.667276166824231687e-01,1.505438074960054884e-01,3.737243658515688738e-01,2.062352068902267577e-01,8.151361459860514413e-01,1.929756514640849629e-01,6.668234957056315970e-01,-4.757737124498644388e-01,-2.091147231555061659e-01,9.589451317396699426e-02,5.944672714216431286e-01,7.572671073383749896e-01
1.672652660311865491e-01,2.296987075191868066e-01,4.180077011141374310e-01,3.888972434766607145e-01,7.470342390386214282e-01,3.024725452048048213e-01,1.671284191521399953e-01,1.513269611708486229e-01,3.151792020331861677e-01,2.559588186684640942e-01,8.357574743717574028e-01,2.235353158568345600e-01,6.996282439362861982e-01,-3.673039551252581525e-01,-2.021940845869998338e-01,5.828757034068419302e-02,5.861961020032890879e-01,7.703775384095253864e-01
1.689832837786172659e-01,2.352653515391286421e-01,4.298221483384886410e-01,3.935285108888874617e-01,7.444587500228578847e-01,2.992476741824796616e-01,1.663247640721962906e-01,1.519871064150881135e-01,2.574170953837537912e-01,2.972368287996695058e-01,8.519380553834871028e-01,2.399261241884811935e-01,6.994922082901370297e-01,-2.449531645277172320e-01,-1.952433660685293226e-01,2.051231388258487748e-02,5.816760732980306159e-01,7.785224412838449570e-01
1.698002647718763747e-01,2.432209217884184760e-01,4.408923945576879166e-01,3.933680873939752187e-01,7.446022598585622099e-01,3.006069173406497597e-01,1.671161183090796587e-01,1.516513959065656780e-01,1.997008592248916969e-01,3.334839965807891438e-01,8.641252374007535320e-01,2.533143449262973412e-01,6.883675766441150756e-01,-1.353180168093794933e-01,-1.886296403204185401e-01,-1.657872212987098956e-02,5.805895291388155632e-01,7.818400779334614414e-01
1.697602870319301904e-01,2.495225411812169170e-01,4.559091612587536924e-01,3.975191093917202489e-01,7.459820044218328228e-01,2.970073831401109921e-01,1.653991256319039815e-01,1.527231068581998419e-01,1.436717090959618581e-01,3.621272294342114395e-01,8.743755885642936487e-01,2.403643021644985833e-01,6.759263182139462200e-01,-4.512418040605323949e-02,-1.818631326264075754e-01,-5.212261935849408362e-02,5.824080650580678586e-01,7.810901668319943925e-01
1.692149496562541378e-01,2.552434582745408131e-01,4.617382232639832274e-01,4.035219208051774031e-01,7.462885004280869206e-01,2.931464560245395923e-01,1.645380666176785578e-01,1.542161216846513749e-01,8.874063629727264868e-02,3.905330615140470418e-01,8.810655700146422520e-01,2.257138689009953736e-01,6.680663217748633587e-01,2.775358497117035028e-02,-1.745025580380996089e-01,-8.602906438544581647e-02,5.864749035302757596e-01,7.771374191850620727e-01
1.690857908041202839e-01,2.610812333769381710e-01,4.683750406301766533e-01,4.038796703241830377e-01,7.297341283444758187e-01,2.901650391877840796e-01,1.631557593787702765e-01,1.546589520348244651e-01,3.538496056224001152e-02,4.157777304643952565e-01,8.840446337154713730e-01,2.142239787913048088e-01,6.586935208303447142e-01,8.664413216623831349e-02,-1.665003152155583588e-01,-1.180998455966232180e-01,5.923572288950350595e-01,7.706902114976394991e-01
1.684999631533704856e-01,2.637535915318020008e-01,4.684519208993039308e-01,4.083828039545309152e-01,7.380110581187176999e-01,2.825656808521172514e-01,1.614802820469233291e-01,1.556922228518949625e-01,-1.439731014258237470e-02,4.372546990342703888e-01,8.850839533667251846e-01,1.991796479807331766e-01,6.407493726752196972e-01,1.344851702340484900e-01,-1.580507519691745633e-01,-1.482322897912376203e-01,5.997835980565049407e-01,7.622394872967557244e-01
1.691370443168718207e-01,2.695355003053002130e-01,4.675452462587296187e-01,4.099901141144183803e-01,7.514492166270367868e-01,2.766018221083512696e-01,1.627221546608924596e-01,1.558341950822166311e-01,-6.166796163982569967e-02,4.553481140661235771e-01,8.809152688593182567e-01,1.927303466997332959e-01,6.107206328285744723e-01,1.698814250614253396e-01,-1.496155316804700652e-01,-1.763259598582774534e-01,6.083558430790501070e-01,7.521282060346096143e-01
1.696844318330579804e-01,2.741047509670975213e-01,4.684473080831562664e-01,4.137111191401782184e-01,7.540626332422364353e-01,2.722232345139895537e-01,1.636119156422587151e-01,1.577254497027474889e-01,-1.045217638442943187e-01,4.739647193219629351e-01,8.754055761135907110e-01,1.995612086918755190e-01,5.714186679273856040e-01,1.963458106783202428e-01,-1.418931672770134822e-01,-2.027674062050968118e-01,6.178198722001372323e-01,7.406441987017489126e-01
1.695824373426824405e-01,2.802315958814133312e-01,4.714523015357774405e-01,4.162025523950291794e-01,7.573971867818498627e-01,2.687964246514233380e-01,1.659055103378889173e-01,1.576347309851772738e-01,-1.407736717406935234e-01,4.904113393037604629e-01,8.707475734559662062e-01,1.965235932960406329e-01,5.208498673160625314e-01,2.149720096196442443e-01,-1.351388056883244815e-01,-2.269836645714060352e-01,6.277429624732898672e-01,7.281733593013053341e-01
1.679735895774124577e-01,2.832868177765310858e-01,4.643557401602030343e-01,4.083500017063699250e-01,7.472141388683791741e-01,2.592514829717090796e-01,1.643007628536390374e-01,1.571975385214068877e-01,-1.722175227051482294e-01,5.048736779028348831e-01,8.619604366277986429e-01,1.864453896973200520e-01,4.624142409457687730e-01,2.247721938087448856e-01,-1.295320985971485372e-01,-2.485008469355476923e-01,6.378727648059225874e-01,7.150707304938574982e-01
1.676824696249838709e-01,2.840520327219111518e-01,4.509821610779507495e-01,4.025583547654489336e-01,7.370808068622776155e-01,2.508694834963267062e-01,1.639804283989420852e-01,1.566065855193819467e-01,-1.986222361177777951e-01,5.187248378880453537e-01,8.498533921844783068e-01,1.664716117317133204e-01,4.034055024565160741e-01,2.278304073145634989e-01,-1.247928364526429412e-01,-2.670936782556049272e-01,6.477735828669106688e-01,7.017793493308172037e-01
1.673611101000319068e-01,2.849089914551164449e-01,4.398047950171008469e-01,4.036531297978212529e-01,7.415321744447466168e-01,2.395101674652089230e-01,1.639040606649423693e-01,1.575414495919695290e-01,-2.195432286663161481e-01,5.292119479345613886e-01,8.363578395976395408e-01,1.399703257573609305e-01,3.488783399180535594e-01,2.253125912824354982e-01,-1.204921339969931282e-01,-2.824815971389508240e-01,6.573705191655017099e-01,6.886997689835983039e-01
1.661925300092974012e-01,2.794059017909865106e-01,4.276141470091535113e-01,4.000428323596047497e-01,7.296249583623151125e-01,2.264881874804320350e-01,1.642054313199212134e-01,1.579114999540354725e-01,-2.351756350964401554e-01,5.370855262949869591e-01,8.233952537225512902e-01,1.123795429602866547e-01,3.021111573274162243e-01,2.161665898483793868e-01,-1.163784726077677217e-01,-2.949640291932375535e-01,6.666349119314820548e-01,6.762172398032074705e-01
1.643848186145515367e-01,2.764865017046603257e-01,4.162896833667067420e-01,3.969860728591045329e-01,7.268654692357735536e-01,2.249054790066653264e-01,1.646918271559331126e-01,1.580939624594308590e-01,-2.457803098771305650e-01,5.432342952080468912e-01,8.136648339537428942e-01,7.897469578208478336e-02,2.598839303575763982e-01,2.010440523100620880e-01,-1.123164633123573397e-01,-3.047541319806907345e-01,6.753872216611358503e-01,6.647128759695427602e-01
1.634637929904068643e-01,2.752528296527314011e-01,4.044403837536845181e-01,3.898500462787113929e-01,7.372678821838207774e-01,2.153861640833268920e-01,1.634807066496148376e-01,1.580145195146659964e-01,-2.540128532175844334e-01,5.514210174341311888e-01,8.051073952118328325e-01,3.918707811662724971e-02,2.165705110746375950e-01,1.784156516139326909e-01,-1.082803553964136467e-01,-3.120018502361406876e-01,6.834713798460898548e-01,6.545292844551440226e-01
1.619087614135259479e-01,2.724610508131565245e-01,3.915988161337929929e-01,3.830840700603841964e-01,7.417541021549607372e-01,2.100834756540553849e-01,1.645708688658394925e-01,1.574650818579697853e-01,-2.600230725111174479e-01,5.532306551945215256e-01,8.005959904944701666e-01,-1.184115948262764659e-04,1.688923853312441492e-01,1.653237352389840820e-01,-1.040173551591878076e-01,-3.161355042959634876e-01,6.911501265407705707e-01,6.458734943246552396e-01
1.616089283639295937e-01,2.647007564474499475e-01,3.730388940962151567e-01,3.721224812882181210e-01,7.223577227892781227e-01,2.062327992410342148e-01,1.633295087869978957e-01,1.569007806825756246e-01,-2.596161632400840191e-01,5.522639679346873498e-01,7.944617381844540915e-01,-5.239850758961019789e-03,1.293022671909246635e-01,1.493403729438603778e-01,-1.006091344156002237e-01,-3.183600941912614335e-01,6.981148614170583633e-01,6.384602532836536337e-01
1.608949669313010089e-01,2.568594815315959901e-01,3.620931939130020982e-01,3.668572079232552130e-01,7.088985503407307931e-01,2.007671246412128518e-01,1.621752796798338059e-01,1.570996443120515063e-01,-2.579712938618607398e-01,5.509883831624657891e-01,7.890711408351266387e-01,-7.882246803878308408e-03,9.335636226291260664e-02,1.213337726858847304e-01,-9.810154661402205323e-02,-3.194098748856003533e-01,7.039190258747136664e-01,6.325238579353207324e-01
1.602425097139742738e-01,2.510703972663126393e-01,3.498917826673769160e-01,3.555839977935599805e-01,7.050432611115620141e-01,1.991172740657417006e-01,1.613854630483329833e-01,1.564123347060537017e-01,-2.554594771494783645e-01,5.485533464423727468e-01,7.829400486019638672e-01,-9.488899382608701957e-03,6.921053074787542059e-02,7.463091788257621151e-02,-9.597287453947739300e-02,-3.197279842658093951e-01,7.080734450124006596e-01,6.282486423674136233e-01
1.589278571118979688e-01,2.447646775924939844e-01,3.465439032144481124e-01,3.511987472425405765e-01,6.986955135572870956e-01,1.937392429727254339e-01,1.614505550095274578e-01,1.549623728303133885e-01,-2.539599219302954292e-01,5.498148096211571412e-01,7.766002925440966820e-01,-2.236492112885130577e-03,6.038793065559584783e-02,2.222315766602179360e-02,-9.378994541656962558e-02,-3.200708462135482546e-01,7.101588234174873726e-01,6.256987518836862883e-01
1.596372057283789170e-01,2.391027020388343804e-01,3.407440557114869151e-01,3.462163932679659939e-01,6.839550032899520682e-01,1.880239637658042695e-01,1.608637022885226198e-01,1.546815035804351146e-01,-2.571961368850430585e-01,5.498368314067270113e-01,7.721946022727094183e-01,-2.630279509632771871e-03,7.117010495434833439e-02,-2.969090881284789513e-02,-9.085591595927258735e-02,-3.209343160293214869e-01,7.103759301220966549e-01,6.247677392810976338e-01
1.590570159640317394e-01,2.334822418305035063e-01,3.362855126372328307e-01,3.347750716164458185e-01,6.743844348538622357e-01,1.875488437025977229e-01,1.608242370837039137e-01,1.541233528265711361e-01,-2.649671608763463637e-01,5.504009051249998397e-01,7.682349765996129287e-01,7.841160734231562499e-03,8.764132302015600895e-02,-8.004282344257768189e-02,-8.718388172809900249e-02,-3.229537797950565725e-01,7.087778075227111341e-01,6.252295081148523392e-01
1.587689712223682992e-01,2.294665291064224288e-01,3.339744917472671215e-01,3.313908021694633721e-01,6.663278951844519016e-01,1.877092671975099936e-01,1.617939535449625654e-01,1.530849566582254961e-01,-2.756484675207236945e-01,5.502861548342727893e-01,7.656209511515142951e-01,2.554661314425112073e-02,1.031700949414678381e-01,-1.223355898532748620e-01,-8.275759843307740893e-02,-3.261719741944751894e-01,7.055687787205986439e-01,6.268267095541191214e-01
1.595413616595335871e-01,2.281047232726148011e-01,3.313579999213024374e-01,3.267913119351426032e-01,6.470145465094268022e-01,1.953111882088143514e-01,1.619056862027608845e-01,1.512434179450636296e-01,-2.904626115507061290e-01,5.488945359901025167e-01,7.619346227500075619e-01,4.214164017060270662e-02,1.157087262551959594e-01,-1.540202194720339257e-01,-7.800038021828177570e-02,-3.306427616656657520e-01,7.009155767004217052e-01,6.292641359791895095e-01
1.598929607570089284e-01,2.285424282715126931e-01,3.308546904260825650e-01,3.234475327632339026e-01,6.381107862742340098e-01,1.978636131438396839e-01,1.609364822766297665e-01,1.493173109358617856e-01,-3.080809781543815129e-01,5.492109386850160258e-01,7.595273354547805722e-01,6.910291388448461247e-02,1.120136235946934122e-01,-1.732833075680418333e-01,-7.350865813658494230e-02,-3.360297884279374592e-01,6.950554761323654018e-01,6.324729483177601308e-01
1.605090279802821318e-01,2.261878418957082304e-01,3.259235899642595191e-01,3.141024797832505655e-01,6.282152705672995330e-01,1.973259637950763035e-01,1.597930164071434955e-01,1.506319635379380628e-01,-3.190016112441780294e-01,5.476574152783267868e-01,7.447547661858964219e-01,6.177152883476999534e-02,1.151650242718822714e-01,-1.847011593679497854e-01,-6.950970873373416015e-02,-3.419247074654330198e-01,6.886738357288025858e-01,6.362129303191836893e-01
1.591062193362732247e-01,2.251135682684364814e-01,3.223358440716536655e-01,3.070771607904007050e-01,6.027612385295155750e-01,1.979466438344971158e-01,1.604034457440140227e-01,1.509861253110510448e-01,-3.410796363067470360e-01,5.423107133715365791e-01,7.393414064079866233e-01,3.235676687608889102e-02,1.440660451344987492e-01,-2.097453768991754119e-01,-6.328723367532410049e-02,-3.481183847627499772e-01,6.819754506689733597e-01,6.399036376233721013e-01
1.573882015888425079e-01,2.230506143801881114e-01,3.190151289804831203e-01,3.008780484231052821e-01,5.714678937839520190e-01,1.981127052158120905e-01,1.604490613703628832e-01,1.503613449906100741e-01,-3.642018692644520272e-01,5.403443061735135888e-01,7.314113910500132931e-01,3.774355816295515281e-02,1.730774366185253432e-01,-2.233780211987770048e-01,-5.580521448581550470e-02,-3.550515305268740485e-01,6.746328653086739457e-01,6.436106207386487199e-01
1.578720347492167941e-01,2.221890428308351817e-01,3.159609321556205441e-01,2.909271789223989990e-01,5.465971267212803575e-01,1.952589096258078305e-01,1.595833895399897950e-01,1.499923196987991980e-01,-3.883581386199221885e-01,5.337794933922668239e-01,7.222685974472731196e-01,3.487557426110383246e-02,1.920424579465335180e-01,-2.369824670162617997e-01,-4.703433293506353863e-02,-3.624728266064151105e-01,6.668969017871269056e-01,6.470760172909680863e-01
1.571155329010044954e-01,2.205853204168403414e-01,3.065897398841338495e-01,2.787442189413644744e-01,5.131470341591330975e-01,1.925470862661252947e-01,1.595859522156274080e-01,1.504238742761669634e-01,-4.150422225768434226e-01,5.253113268214560927e-01,7.105984336288894143e-01,3.759871049114447972e-02,2.111116814779887552e-01,-2.391026403904153164e-01,-3.759027809112611140e-02,-3.705925955373389757e-01,6.587569990520030228e-01,6.501153189779992347e-01
1.561606799584437655e-01,2.169842486109190283e-01,3.004167668083416731e-01,2.702269101923180372e-01,4.791895318207458065e-01,1.898690902248587054e-01,1.587874224869588180e-01,1.507242198608908235e-01,-4.422136002597479854e-01,5.140253592217243206e-01,6.966948361183981087e-01,3.474251267361541662e-02,2.300826509233184214e-01,-2.420124814141586533e-01,-2.731527285801233634e-02,-3.791521691946495576e-01,6.504701159184618220e-01,6.526817299910451231e-01
1.554831085198687957e-01,2.169652848112009758e-01,2.980560300110070004e-01,2.625788610195373129e-01,4.461141024368120434e-01,1.878748160436973513e-01,1.575158228355937884e-01,1.508190388594811138e-01,-4.714399166687623932e-01,5.027341083685038514e-01,6.821035268827578824e-01,3.159474695701190022e-02,2.514631586354606485e-01,-2.543513000460126405e-01,-1.600869246601245230e-02,-3.881901445485440583e-01,6.418866267338378950e-01,6.550600664519703464e-01
1.542355980194969889e-01,2.124006469655512763e-01,2.906504099535409114e-01,2.569132977199850565e-01,4.113647333264138783e-01,1.842609308595881679e-01,1.563902956955705581e-01,1.518282205255583883e-01,-5.019988967381570077e-01,4.910824112492301330e-01,6.673714460985535890e-01,2.475220903086818719e-02,2.703194615968702585e-01,-2.657303789330099919e-01,-3.583902569159247431e-03,-3.976467698221496372e-01,6.329152486371373287e-01,6.574444957132341560e-01
1.527902489599042846e-01,2.089615362599247517e-01,2.786986033150156139e-01,2.482412033624291081e-01,3.783210811203860380e-01,1.812385112126314868e-01,1.569909868650183060e-01,1.520773125975307394e-01,-5.343969921598369366e-01,4.822187906859782824e-01,6.517277818946404233e-01,3.055525837991889676e-02,2.860413270304893452e-01,-2.727726193907071273e-01,9.549306849253747648e-03,-4.076466930465676985e-01,6.235586853698851240e-01,6.597618248588873469e-01
1.535457257378615992e-01,2.051841523701382619e-01,2.667877994866915126e-01,2.401441734179451393e-01,3.449330053086680503e-01,1.789280028577932835e-01,1.554682450011708184e-01,1.527405330525353211e-01,-5.660334103075255197e-01,4.705004850717860454e-01,6.359165842413139202e-01,2.936277100727832309e-02,2.945828235041674792e-01,-2.728261524466006893e-01,2.312009878154209011e-02,-4.178119130212214483e-01,6.141342530051525639e-01,6.618899757040684895e-01
1.526626277131530318e-01,2.019049526242964743e-01,2.563905118899196811e-01,2.340952338430115631e-01,3.316168301606975399e-01,1.767476784253439459e-01,1.568526023805892344e-01,1.524309618355161877e-01,-5.972413417844183448e-01,4.576517113396091352e-01,6.196936878254735159e-01,2.579566301950887361e-02,2.981438732242946421e-01,-2.701927887279863549e-01,3.689007757878156463e-02,-4.279397048024389250e-01,6.047890509514672885e-01,6.638302096846516731e-01
1.528374021916356906e-01,1.998419987360480488e-01,2.488916104392458473e-01,2.236871830085618851e-01,3.031311528436617109e-01,1.755673100266765818e-01,1.579391768509212646e-01,1.530870067987355476e-01,-6.290185808568719006e-01,4.454382118073007546e-01,6.033367350243817873e-01,2.203645287231903102e-02,2.959383333515455683e-01,-2.642453323084080763e-01,5.064150464670635204e-02,-4.379176668787239102e-01,5.955888318655939706e-01,6.656083323992506573e-01
1.518799865734374310e-01,1.951774165405329164e-01,2.395603959077054201e-01,2.157618523317954562e-01,2.704021972059281742e-01,1.713435080408244326e-01,1.555179609085398373e-01,1.528312517701055084e-01,-6.591807737764030506e-01,4.336384848379411516e-01,5.875197109793574013e-01,1.829376527324448609e-02,2.876507333672389533e-01,-2.505500124762891634e-01,6.411402224803050554e-02,-4.475065566917855175e-01,5.867434486997489262e-01,6.671519946525089617e-01
1.517036744895722267e-01,1.915015146059944051e-01,2.290554759341553448e-01,2.108850805934890105e-01,2.487680894735146697e-01,1.703553403149752343e-01,1.543960215144091763e-01,1.513018469496003604e-01,-6.871873992725343605e-01,4.208934505037064122e-01,5.731941444565797905e-01,7.926857683789527431e-03,2.754162270891528097e-01,-2.318833883672430929e-01,7.712807262688674281e-02,-4.563735121535227313e-01,5.785212839964555265e-01,6.683886546387219907e-01
1.499405536509201831e-01,1.871321526439279626e-01,2.159289387833653873e-01,2.042498008326781578e-01,2.258921091271319515e-01,1.679956285878956290e-01,1.528835303531120571e-01,1.506688660671191837e-01,-7.131984856121533767e-01,4.076338174044297769e-01,5.582791248483032209e-01,1.971690741756418341e-05,2.591905340883382536e-01,-2.125566333858309176e-01,8.961701173531852471e-02,-4.642965127526736957e-01,5.710282978382825725e-01,6.693768598425204885e-01
1.497232387568537548e-01,1.821159713509373779e-01,2.041636949312556348e-01,2.039392045454040125e-01,2.123406803556319444e-01,1.653355712760921081e-01,1.522541372165234497e-01,1.506750164886493382e-01,-7.378651073793943693e-01,3.965681170365971675e-01,5.451690522613382717e-01,-1.349760000633932512e-02,2.384235636628770638e-01,-1.877643296382029425e-01,1.013894832524449563e-01,-4.712838707944943528e-01,5.643307877587054877e-01,6.700944726504076687e-01
1.486043745734882404e-01,1.764703969213582135e-01,1.959308431779801518e-01,2.011289744412385616e-01,2.079169896700489295e-01,1.627677702872412924e-01,1.524386498624289155e-01,1.505473952418981132e-01,-7.577336462072581380e-01,3.848604766817839140e-01,5.344306667288023505e-01,-2.396507483865598781e-02,2.121495178002702764e-01,-1.552109444395421978e-01,1.122603759722429762e-01,-4.768975353394914185e-01,5.588007168195537888e-01,6.704108525698977417e-01
1.465147688586090902e-01,1.686501359457324156e-01,1.857903356800933437e-01,1.966196903893604742e-01,1.920207126901672112e-01,1.622208953061826664e-01,1.521044769592890533e-01,1.498447095820748531e-01,-7.734441657870939624e-01,3.733010143056592067e-01,5.254387667957962638e-01,-3.289264818662801515e-02,1.816679499849455370e-01,-1.180495307218489137e-01,1.218134078473837312e-01,-4.810860455112885292e-01,5.545747004947401138e-01,6.702305208652469259e-01
1.469135211878158098e-01,1.664175329302765294e-01,1.794810282603820917e-01,1.951179624657411460e-01,1.881818245850788995e-01,1.613931510752457388e-01,1.507713730926222018e-01,1.500979019350673349e-01,-7.851205510067822413e-01,3.622332401373917210e-01,5.181002289475559186e-01,-3.948514488462706584e-02,1.479466409351755662e-01,-7.852880728361361085e-02,1.298362189888141727e-01,-4.837856719393496818e-01,5.517270056795341437e-01,6.695545505728770497e-01
1.460847518866238703e-01,1.609252065038243862e-01,1.718288788065812367e-01,1.901197199022136020e-01,1.881664485312534718e-01,1.591364589087966297e-01,1.499210773160745969e-01,1.499200522458195850e-01,-7.924304012823407684e-01,3.517576347456688457e-01,5.124984002110811732e-01,-4.252914899906655444e-02,1.130078403899505562e-01,-3.989776798622605980e-02,1.361596100154071343e-01,-4.850387448163654969e-01,5.502387323647226491e-01,6.684557663829382435e-01
1.451637262624791980e-01,1.541110519835107717e-01,1.641008741539081439e-01,1.846284185460165539e-01,1.788121699189748337e-01,1.586126480084761592e-01,1.505499579175356706e-01,1.494059795129219215e-01,-7.951959129145836913e-01,3.393607520034808145e-01,5.085520567360080069e-01,-2.531518732031638047e-02,8.699947710103757281e-02,-5.338765747011114081e-03,1.407323061623397542e-01,-4.852648881976308060e-01,5.498995915755872099e-01,6.670243116358954838e-01
1.438290847904298009e-01,1.471697887515733827e-01,1.555471754108081750e-01,1.797454963861799260e-01,1.631680602218305576e-01,1.572257279534202135e-01,1.483619454581736052e-01,1.483880847496768518e-01,-7.948046558992130084e-01,3.317528176035163812e-01,5.009754268473692873e-01,4.318553476052660114e-03,7.236545623532890381e-02,6.022689088663279317e-03,1.432117364333950205e-01,-4.859682663851569995e-01,5.498415735860490150e-01,6.653301967031688413e-01
1.440192353227379152e-01,1.452939101848680359e-01,1.581862187823835642e-01,1.835628580159125722e-01,1.654749808307762193e-01,1.556999108788076902e-01,1.475398391136393261e-01,1.474855103901227260e-01,-7.961369739261874301e-01,3.279670949097405752e-01,4.956239848252994018e-01,-1.801838947132307963e-03,6.736540272468112545e-02,1.719887108480511705e-03,1.451689186958101951e-01,-4.868595055464041699e-01,5.496667672476815980e-01,6.639915669581409885e-01
1.437030011490610659e-01,1.456793366007594070e-01,1.636534309875874449e-01,1.855607199429665510e-01,1.737467852537428192e-01,1.559346519672096254e-01,1.480395608629666016e-01,1.467423344552257758e-01,-8.003730075715256298e-01,3.267798935370032076e-01,4.925037051900988394e-01,4.829100212814980281e-03,6.340935395427785282e-02,-6.025773297644723865e-03,1.471905123825626993e-01,-4.879221307535658303e-01,5.491772389054103698e-01,6.630912145527037005e-01
1.433913797915318811e-01,1.454000049562636787e-01,1.664646861620079077e-01,1.879568216640997713e-01,1.819340213806695250e-01,1.562760003621347094e-01,1.485285193746160026e-01,1.470211535645939982e-01,-8.024925303683199118e-01,3.275572724428582050e-01,4.916842083849364831e-01,1.214319166216895271e-02,5.251570753090758353e-02,2.012446360441979415e-04,1.487342841318466391e-01,-4.889942027766229771e-01,5.486350693851593796e-01,6.624109667906434851e-01
1.428070897461646283e-01,1.436353465122290896e-01,1.660966859404520712e-01,1.866693334237818080e-01,1.821861886634069672e-01,1.575870652183183895e-01,1.483235053236099388e-01,1.475593154484849123e-01,-8.024316001364966144e-01,3.269535002591186790e-01,4.909892383582654674e-01,1.643332635546330620e-02,3.877225200861281196e-02,8.628515227085357259e-03,1.495569766177833049e-01,-4.896965287489931651e-01,5.484238716906966182e-01,6.618443934840165799e-01
1.426236021705142021e-01,1.430044157702579644e-01,1.679530881723118596e-01,1.882551171083136354e-01,1.836479388470800833e-01,1.595721137671844980e-01,1.474245187099484100e-01,1.456168073152025733e-01,-8.008795580158323268e-01,3.269365148460334769e-01,4.892380126434561216e-01,2.224805163851546752e-02,2.398908760858349531e-02,1.512815520467650568e-02,1.494716815808902199e-01,-4.901674111146205881e-01,5.483887213653207970e-01,6.614485285097572165e-01
1.433467892354380602e-01,1.443621213230455447e-01,1.674523413527296001e-01,1.879885988420057497e-01,1.827479271631635427e-01,1.590108878025554284e-01,1.477141010569944513e-01,1.451632137273516643e-01,-7.988296062860062996e-01,3.284706827819975916e-01,4.890129065438757472e-01,3.296655905186370028e-02,9.354185540308666835e-03,2.138370207144449364e-02,1.485080315424580910e-01,-4.904471714107386804e-01,5.484488961904140369e-01,6.612689206598256764e-01
1.439669567397313665e-01,1.449115589797417558e-01,1.688018463434768912e-01,1.882448664057633225e-01,1.820831691027764154e-01,1.602778746377728214e-01,1.477545913320681692e-01,1.453359380653242716e-01,-7.956630117744278863e-01,3.317072927463518561e-01,4.886418443946443091e-01,3.797178962758763349e-02,-4.347963611697884014e-03,2.838937262264645822e-02,1.465758938227788855e-01,-4.906402392209295305e-01,5.485931989468720849e-01,6.612514274777370193e-01
1.433596026136259305e-01,1.474798725037200775e-01,1.685430161040817609e-01,1.870368211102101386e-01,1.815403944027378924e-01,1.607160921717982471e-01,1.476997500734240354e-01,1.452031914672978485e-01,-7.913943898365424223e-01,3.358086774920287509e-01,4.888557420966364031e-01,3.748305265433748285e-02,-1.501238721754875015e-02,3.398963523116221158e-02,1.440438405217861484e-01,-4.905921140907710809e-01,5.489524366585065707e-01,6.613560034816061695e-01
1.421489946424351891e-01,1.468448414807287938e-01,1.698274291336346886e-01,1.871388156005856507e-01,1.828688854532571073e-01,1.598601585088479937e-01,1.479063017298126448e-01,1.462077603172275142e-01,-7.851064787895459807e-01,3.374850982625818840e-01,4.851146061122093567e-01,1.264195231460903991e-02,-2.792090330841789404e-03,3.187463892208485666e-02,1.418793086324274810e-01,-4.903605985041263882e-01,5.496890490274669583e-01,6.612737828613044488e-01
1.418911894732950985e-01,1.455086624032968790e-01,1.703666160877805869e-01,1.876595512901410023e-01,1.834372869096713710e-01,1.604008830683764097e-01,1.494838848523042107e-01,1.451632137273516920e-01,-7.889867569079096477e-01,3.393170540657469703e-01,4.931392756471723038e-01,1.045513799639057398e-02,1.721153837169326142e-02,1.885729431429650563e-02,1.414458704586668836e-01,-4.902436259144564712e-01,5.503280197067201840e-01,6.609040101921267452e-01
1.427553236982856133e-01,1.447398597120241881e-01,1.715782491292263678e-01,1.882628051352263354e-01,1.834741894388524641e-01,1.599093618810894513e-01,1.500984144701948408e-01,1.443733970958508694e-01,-7.867891703376043155e-01,3.431351181710659004e-01,4.926936060584878874e-01,2.815640469422091979e-02,1.820024765091196595e-02,1.952524585943712920e-02,1.405543190467478110e-01,-4.904484103370503334e-01,5.505935978895875049e-01,6.607152321657528971e-01
1.417984206152148596e-01,1.449848515029764084e-01,1.712620149555495186e-01,1.876564760793759112e-01,1.834854652116578166e-01,1.604762257321211694e-01,1.501609437557516746e-01,1.444384890570452884e-01,-7.861346887956132123e-01,3.427128035253737548e-01,4.924985206890116762e-01,1.368496570196665180e-02,1.957536425538682068e-02,1.679616151207497660e-02,1.400317530762507645e-01,-4.905765878604232966e-01,5.509330446057991715e-01,6.604450115254967280e-01
1.400506758303882715e-01,1.456839494169070437e-01,1.712615024204220127e-01,1.872090329130552122e-01,1.831143897793368891e-01,1.612742429256622256e-01,1.505186932747572537e-01,1.458151584095509490e-01,-7.858348271279773645e-01,3.443354536132238741e-01,4.925260232328735333e-01,1.992024490971322503e-02,1.928093244797242714e-02,1.777341515793375362e-02,1.394624076491579878e-01,-4.907669113022252172e-01,5.512105167193871447e-01,6.601915117269917532e-01
1.396278343501883012e-01,1.459648186667853453e-01,1.718099150068631842e-01,1.853644189891282823e-01,1.831000387957664177e-01,1.614813071171783410e-01,1.508738801181252476e-01,1.456890747681821863e-01,-7.853212158869521398e-01,3.458506610880696108e-01,4.927998142664714587e-01,2.095367521916397316e-02,1.930296251212614347e-02,1.815299316330225288e-02,1.388277838517723850e-01,-4.909631162590744613e-01,5.514932601666292511e-01,6.599432954705755083e-01
1.400645142788311814e-01,1.457141889894304487e-01,1.710042097864094002e-01,1.842927080374941740e-01,1.833240166464905341e-01,1.629953358838580058e-01,1.512162535833053434e-01,1.460375986548924920e-01,-7.847029764763697735e-01,3.471900892879634104e-01,4.926608696373380725e-01,2.138634567914292697e-02,1.896865628859352448e-02,1.746235065208330550e-02,1.381369968641498747e-01,-4.911780092825280275e-01,5.517557088951221544e-01,6.597102395476580616e-01
1.395171267626450218e-01,1.448879823638760389e-01,1.712071736969054125e-01,1.831564176597930971e-01,1.838268136065828728e-01,1.630409515102068663e-01,1.537563776752703115e-01,1.474055549102303575e-01,-7.840176348088602198e-01,3.487998521873970637e-01,4.925590065350274327e-01,2.240325344047838785e-02,1.867642748759450189e-02,1.656837064872557219e-02,1.374470350315190048e-01,-4.914007335241732943e-01,5.519629199993711932e-01,6.595167417173485314e-01
1.407851386681174544e-01,1.452503446990292546e-01,1.719026838649434230e-01,1.830954259796187811e-01,1.858620905979454785e-01,1.629712467328648107e-01,1.549762112787563262e-01,1.475926302317733807e-01,-7.835613493369977256e-01,3.508722207123995407e-01,4.926485749633316980e-01,2.200285702448462333e-02,1.898561943799188800e-02,1.589105632631962126e-02,1.367432493533442539e-01,-4.916325343196795705e-01,5.521438412999866152e-01,6.593412533669867903e-01
1.416984762653494268e-01,1.445415086176758124e-01,1.734613031877169365e-01,1.836684402521807091e-01,1.857226810432613673e-01,1.619487391534721321e-01,1.556778718683245466e-01,1.483732212309789300e-01,-7.828536402505126279e-01,3.522690240576569209e-01,4.927655471830960643e-01,2.010188278866060357e-02,1.958538793457676591e-02,1.608558179279691649e-02,1.361013520089173479e-01,-4.918220810417395228e-01,5.523710497645328843e-01,6.591453745021738087e-01
1.414047936372832548e-01,1.442821658431531762e-01,1.744504959838211189e-01,1.821744003554741087e-01,1.857969986367510318e-01,1.614838697928159261e-01,1.564312985057717542e-01,1.467095322070648133e-01,-7.822474980091334018e-01,3.533207371353188631e-01,4.927783356191107744e-01,1.717287560910349745e-02,2.053102843837495764e-02,1.587772813750662135e-02,1.355446465527935240e-01,-4.919685203928647055e-01,5.526470154434887094e-01,6.589227270192592467e-01
1.421587328098579961e-01,1.442591017624149929e-01,1.735725233103876941e-01,1.825526512795803136e-01,1.857483077996371357e-01,1.618047167826403843e-01,1.558290697309415163e-01,1.464865794265957366e-01,-7.820979868730224549e-01,3.542349374936716311e-01,4.928976778965150074e-01,1.497075039629819533e-02,2.163715795953296064e-02,1.513013791045032114e-02,1.351243085847276815e-01,-4.920768783232319366e-01,5.529557339437217722e-01,6.586716829488088454e-01
1.420623762058851602e-01,1.449679378437684074e-01,1.739189970565879484e-01,1.824993476263186976e-01,1.845361622230638488e-01,1.623715806336721024e-01,1.545984728897776550e-01,1.450976092310297394e-01,-7.819155418109586808e-01,3.551826642923873179e-01,4.928018386907054849e-01,1.398402382285332708e-02,2.267036796834216369e-02,1.446119501242278116e-02,1.348156834164622453e-01,-4.921664615306767798e-01,5.532734921628399416e-01,6.584030621350733803e-01
1.424283262869309452e-01,1.445702105848166441e-01,1.741111977294061142e-01,1.830108576835787759e-01,1.845335995474262358e-01,1.634468793311988355e-01,1.552171027886884436e-01,1.456988129356049932e-01,-7.816215559112215105e-01,3.558283074944299518e-01,4.928583744406548894e-01,1.188488915996664674e-02,2.417986796415468390e-02,1.369928524366656811e-02,1.346262873776613300e-01,-4.922396409311997623e-01,5.536020796422939094e-01,6.581120518967611410e-01
1.415565040350277304e-01,1.442903664051934098e-01,1.752925911983284901e-01,1.835274930921140524e-01,1.853244412491820980e-01,1.641039493646732350e-01,1.554554316229829758e-01,1.454112807290690312e-01,-7.814730322991272349e-01,3.562663237719858600e-01,4.925647835505245209e-01,9.163955936341370428e-03,2.593951933843262336e-02,1.301701415682602996e-02,1.345851825734356022e-01,-4.923005408010620032e-01,5.539485296480570753e-01,6.577834312905371794e-01
1.430935968824456062e-01,1.432114799617740519e-01,1.768881130502830967e-01,1.834895654926779474e-01,1.846048419301508647e-01,1.635698877618024794e-01,1.566414379080529606e-01,1.462123731333751508e-01,-7.817770415676327245e-01,3.567457173058365960e-01,4.923002752426823836e-01,6.496776069251161342e-03,2.758362302622433676e-02,1.250084975370449950e-02,1.346925115452372868e-01,-4.923360430880107663e-01,5.543314765571497604e-01,6.574111351982788731e-01
1.430951344878281517e-01,1.434190566884177009e-01,1.777138071407099451e-01,1.825654646577681561e-01,1.855853216290872520e-01,1.638963726380296138e-01,1.574374049610839654e-01,1.461349803291203397e-01,-7.819466981936818994e-01,3.564248213766476048e-01,4.920363594492503934e-01,3.891390532112119771e-03,2.895510467011382788e-02,1.205518155587485644e-02,1.349630630012030319e-01,-4.923371153512799969e-01,5.547546549343647104e-01,6.569955267925180475e-01
1.442370627519318493e-01,1.444969180615819915e-01,1.779828880826554161e-01,1.825142111450166471e-01,1.858523524305226715e-01,1.632700547122061252e-01,1.567880229545222937e-01,1.466608413699509172e-01,-7.820657935900818813e-01,3.560492166169398343e-01,4.917397072346684772e-01,1.029244597261535707e-03,3.029387166873505344e-02,1.157790021598463330e-02,1.353635630458735750e-01,-4.923128859714274164e-01,5.552086927393726778e-01,6.565444719913491323e-01
1.449192470066544836e-01,1.450530186749359185e-01,1.793411061705705023e-01,1.826812975965865504e-01,1.860655670435689690e-01,1.620174188605591481e-01,1.567941733760524758e-01,1.465163064639916080e-01,-7.822355489685327568e-01,3.560814592760813135e-01,4.912930501219675561e-01,1.035302864903807959e-03,3.109102954013721540e-02,1.151026791903272950e-02,1.358491331899452925e-01,-4.922969729590198629e-01,5.556637591578177382e-01,6.560675195119293202e-01
1.448592803967352349e-01,1.463358940991062729e-01,1.793662203918187092e-01,1.838550030385962264e-01,1.856550264064293632e-01,1.623085388129877626e-01,1.569704854599177080e-01,1.466521282727831221e-01,-7.825435577093053929e-01,3.559518467489046767e-01,4.913350198926723644e-01,1.098859599987274914e-03,3.167945255368292967e-02,1.196540904444847071e-02,1.363613143046758513e-01,-4.922832408497825885e-01,5.561350081086360309e-01,6.555685436948941458e-01
1.457116263137928636e-01,1.470027023000034794e-01,1.783406376016609673e-01,1.831666683623434100e-01,1.858149373662140724e-01,1.636631691550102241e-01,1.553852143105133865e-01,1.457895316531751806e-01,-7.824803067960430791e-01,3.558932371985203957e-01,4.911718809251326423e-01,-5.513023554467071574e-04,3.261947539112192845e-02,1.179952266137099942e-02,1.369245754562221362e-01,-4.922676161564939479e-01,5.566379115540655009e-01,6.550325629457700582e-01
1.448849071531109478e-01,1.471380115736674599e-01,1.796727163980727793e-01,1.837335322133751003e-01,1.842363291734674946e-01,1.623654302121418924e-01,1.537179375407066728e-01,1.457669801075645033e-01,-7.829869066165506819e-01,3.554150286934895098e-01,4.906649354712191435e-01,-1.230268932664187274e-03,3.320404314344074098e-02,1.198721880796064891e-02,1.375366453977893144e-01,-4.922696225916075585e-01,5.571527835177751964e-01,6.544621722381210871e-01
1.451596259814590673e-01,1.464491643622871375e-01,1.797055186462337140e-01,1.838657662762740452e-01,1.845710146117348627e-01,1.620825108217535671e-01,1.526569898267503556e-01,1.465403956149848308e-01,-7.834581530772646296e-01,3.552361880940861916e-01,4.903203883418330022e-01,-7.962766688360120235e-04,3.335649118738444330e-02,1.219628411677939686e-02,1.381694896902038727e-01,-4.922867839907573151e-01,5.576631127126927545e-01,6.538792008726515004e-01
1.454702222687332402e-01,1.478401846983631862e-01,1.794251619314829460e-01,1.844649198403392198e-01,1.832363731396854656e-01,1.609267441092069595e-01,1.524407000029389669e-01,1.466434151756153548e-01,-7.835807541839234780e-01,3.550852450481513101e-01,4.900063063283585096e-01,-1.149969348823920087e-04,3.321637997936682102e-02,1.235523102964844987e-02,1.387970381710364187e-01,-4.923153140967753139e-01,5.581655155891419584e-01,6.532948585737161640e-01
1.452467569531366576e-01,1.486453773836894365e-01,1.789500418682764271e-01,1.850794494582298499e-01,1.837606965751334420e-01,1.604152340519468811e-01,1.512306045668757593e-01,1.462892534025024005e-01,-7.838204262627483931e-01,3.549371164456637251e-01,4.894915100585133239e-01,5.033869659123481333e-05,3.306690599408386444e-02,1.206895034597092915e-02,1.394009977682394985e-01,-4.923543990315379926e-01,5.586639892474921654e-01,6.527100067543705197e-01
1.452180549859957981e-01,1.478483852604034476e-01,1.788449721671358239e-01,1.849210761038276862e-01,1.817782107019049465e-01,1.594875454711444929e-01,1.507657352062195533e-01,1.461764956744490973e-01,-7.841264599554877979e-01,3.550601125619292642e-01,4.888387566835511455e-01,2.545573912961681924e-04,3.268776858999844492e-02,1.210221574284303658e-02,1.399843213310233425e-01,-4.924087803680056719e-01,5.591344432244901297e-01,6.521416040328766872e-01
1.458746124843426639e-01,1.474855103901226983e-01,1.778311776849108850e-01,1.855356057217183163e-01,1.820452415033402827e-01,1.577274998432575404e-01,1.499415787211751949e-01,1.453631024270825856e-01,-7.844519478713540828e-01,3.547070727260004386e-01,4.886381411795821528e-01,7.030894974657946354e-04,3.192046145552456665e-02,1.257024445578869970e-02,1.405470230977985402e-01,-4.924475419905515738e-01,5.596059738877947609e-01,6.515879755739101276e-01
1.459125400837787967e-01,1.477002626085515413e-01,1.775390326622272585e-01,1.858964304514889587e-01,1.818807177274079645e-01,1.573846138429498831e-01,1.499979575852018743e-01,1.455640161970685187e-01,-7.845438369810970869e-01,3.550561130896620621e-01,4.883174427551964514e-01,1.566447711649864580e-03,3.128588545757682304e-02,1.261375383249228530e-02,1.410565512112171849e-01,-4.924840189747489161e-01,5.600716702177609418e-01,6.510518620820363589e-01
1.458715372735775728e-01,1.468417662699637027e-01,1.789597800356992341e-01,1.869102249337138977e-01,1.823501999042117794e-01,1.585434557662616095e-01,1.491861019432178803e-01,1.465321950529445694e-01,-7.848003463444048755e-01,3.550993172653876262e-01,4.879942261445685547e-01,3.090046948520757970e-03,3.050304712787457739e-02,1.257993768401633600e-02,1.415180391124330750e-01,-4.925210874015203411e-01,5.605146232880910961e-01,6.505444998671791046e-01
1.447111577448833286e-01,1.474419449042839170e-01,1.780848825730309282e-01,1.883350725882059207e-01,1.828345455997135716e-01,1.569822737678505387e-01,1.479273156700407488e-01,1.458592364305172362e-01,-7.849422041693870922e-01,3.553143999961996258e-01,4.876729352057728728e-01,3.667234629348076376e-03,2.982242829584556831e-02,1.272434475454393282e-02,1.419219281466284621e-01,-4.925702236143622015e-01,5.609347038401163443e-01,6.500593651249226834e-01
1.442647396488176414e-01,1.477315272513299860e-01,1.775410828027373378e-01,1.889972679729555183e-01,1.844838836400573001e-01,1.563175157074633836e-01,1.482784022323886397e-01,1.461365179345028853e-01,-7.850616451991929701e-01,3.554487032624550347e-01,4.872095395609907786e-01,4.770720542807634773e-03,2.880342767841550730e-02,1.301392994784451168e-02,1.422855125782160612e-01,-4.926096225755743352e-01,5.613490607829997314e-01,6.495949225463155674e-01
1.444477146893405617e-01,1.474229811045658645e-01,1.765893050709417267e-01,1.881239081156697579e-01,1.852214216885515463e-01,1.561529919315310655e-01,1.478663239898664883e-01,1.465065682965688287e-01,-7.851081575803741108e-01,3.555177805674151204e-01,4.868952600427128852e-01,6.098913110635080168e-03,2.748966480260874382e-02,1.332951061684646901e-02,1.425803140484167009e-01,-4.926526283983401200e-01,5.617452557504154509e-01,6.491576657272480899e-01
1.444077369493943774e-01,1.477356275323500889e-01,1.766267201352503813e-01,1.882218023250251115e-01,1.848037055596267464e-01,1.562262844547657181e-01,1.469042955555205643e-01,1.464045738061933166e-01,-7.850043688062311453e-01,3.558360101817593657e-01,4.868357123445129497e-01,6.533676426708634986e-03,2.638893264716840256e-02,1.352535788717299306e-02,1.427896035709909917e-01,-4.926920104270020029e-01,5.621280457136633713e-01,6.487525748908510304e-01
1.431638141949151399e-01,1.481738450663755424e-01,1.747744181844106681e-01,1.855391934676109134e-01,1.857626587832075515e-01,1.572006137321719788e-01,1.460857769568789100e-01,1.464107242277234988e-01,-7.849927653990361742e-01,3.561802116777397220e-01,4.868945687759013152e-01,7.855810726893810297e-03,2.547027897195850571e-02,1.339174554808071280e-02,1.426666065922015669e-01,-4.927661315868752112e-01,5.619894653710235666e-01,6.488625150372592243e-01
1.422227997007973754e-01,1.489457229684133244e-01,1.727370910525380665e-01,1.850958505823103728e-01,1.854172101072623091e-01,1.574353548205739139e-01,1.463917604280054185e-01,1.459904454231610860e-01,-7.848877422198725640e-01,3.567531237359609642e-01,4.871020969479864515e-01,8.644707324238323429e-03,2.499145552757752256e-02,1.316604754082590853e-02,1.425635216560254825e-01,-4.928253885395794676e-01,5.620110919417307116e-01,6.488339231927189310e-01
1.425708110523801753e-01,1.486981685018235189e-01,1.733833978483346194e-01,1.833732200187319639e-01,1.859374332616901548e-01,1.579114999540354447e-01,1.464250752112939147e-01,1.452231803372709407e-01,-7.849218611746454632e-01,3.569704777720111299e-01,4.868689919038717839e-01,9.945142011232088741e-03,2.405793155906387620e-02,1.309103517238251017e-02,1.425021055457962316e-01,-4.928678677101947514e-01,5.621855358379709289e-01,6.486700146118422605e-01
1.422458637815355587e-01,1.481687197151003721e-01,1.735320330353140317e-01,1.830569858450551701e-01,1.862034389928705347e-01,1.596151667178957456e-01,1.470975212985937697e-01,1.455060997276592938e-01,-7.845665994096793217e-01,3.574094321973826927e-01,4.867577966996043948e-01,1.057498154538678500e-02,2.303397417719922624e-02,1.315503250874905210e-02,1.424524031809115410e-01,-4.929015325325223351e-01,5.624901041957033332e-01,6.483916620818940268e-01
1.427399476444601578e-01,1.490369542211110176e-01,1.723573025230493438e-01,1.828581222155792885e-01,1.872013448861424845e-01,1.599298632861900493e-01,1.474281064558410348e-01,1.457295650432558487e-01,-7.842775511300252855e-01,3.584175460897125465e-01,4.864965472210170949e-01,1.118025755801008853e-02,2.200384837737153626e-02,1.331442002290117617e-02,1.424004632604990717e-01,-4.929424544404131803e-01,5.629104642217732657e-01,6.480031310612720530e-01
1.436271459501888281e-01,1.494997734412571722e-01,1.731896595701339081e-01,1.845848530601777726e-01,1.888127553270500525e-01,1.591379965141791752e-01,1.479124521513428547e-01,1.453728405945053648e-01,-7.840729855299898299e-01,3.593069102190481479e-01,4.866128775501706860e-01,1.224497055855911128e-02,2.125317394133371604e-02,1.335187113196248908e-02,1.423586148090485171e-01,-4.929478886447730135e-01,5.634586164529996610e-01,6.475244007762110954e-01
1.422520142030657686e-01,1.494439071123580265e-01,1.735412586676092772e-01,1.865324865447352543e-01,1.896697140602553733e-01,1.593061080360041182e-01,1.483916724955694766e-01,1.449756258706811352e-01,-7.836942206934290889e-01,3.601457131187346672e-01,4.867969520268619621e-01,1.233881863185393515e-02,2.086731736768140250e-02,1.300313521640919165e-02,1.423497879091752405e-01,-4.929228522198363938e-01,5.641267896720131292e-01,6.469533476913813530e-01
1.420685266274153424e-01,1.496576342605318022e-01,1.726832748641489723e-01,1.865852776628693088e-01,1.889198751687007072e-01,1.602953008321083284e-01,1.478745245519066942e-01,1.443298316100120882e-01,-7.832918540328719370e-01,3.610289545991675064e-01,4.868288490525976009e-01,1.196485829284463058e-02,2.080376063259793684e-02,1.277710675819208018e-02,1.423869596125188486e-01,-4.928810076817006225e-01,5.648974461167625138e-01,6.462917186947958470e-01
1.409758017355531023e-01,1.485356948664012244e-01,1.715070067465017667e-01,1.869537904195526790e-01,1.868958739501434818e-01,1.613716245998900733e-01,1.486105249950184226e-01,1.438024329637990206e-01,-7.822279944098058380e-01,3.627237433164289815e-01,4.850009914741014172e-01,1.226711077303359321e-02,2.020960980237226229e-02,1.100633020151651174e-02,1.424562017779798795e-01,-4.928573884288778295e-01,5.657439507359707243e-01,6.455406922131132763e-01
1.401931605958374738e-01,1.408363921808689634e-01,1.519245771295312242e-01,1.779813504772728427e-01,1.514376687583918468e-01,1.411018853769217818e-01,1.483650206689386686e-01,1.434287948558405079e-01,-7.790036791194580035e-01,3.570140275811424790e-01,4.837234316538465695e-01,4.376822995739218340e-03,3.152381015043694001e-02,-4.483778957205516134e-03,1.431276544767195735e-01,-4.927369845244133351e-01,5.665038082692940291e-01,6.448087454997017964e-01
1.397897954504830897e-01,1.396534611065640419e-01,1.556081670909824632e-01,1.731240550738119555e-01,1.399573944371804990e-01,1.423873234767297213e-01,1.483470819394756279e-01,1.432934855821764997e-01,-7.802553658104783851e-01,3.589280466300857619e-01,4.757209814092567823e-01,4.898913486118101901e-02,6.266694079229770398e-02,-2.603568056846362541e-02,1.441081205083576400e-01,-4.942424213084862239e-01,5.656888055912343560e-01,6.443415235067911917e-01
1.392598341286324093e-01,1.399763582368985515e-01,1.565543069363754258e-01,1.737216710324945845e-01,1.429772514084995949e-01,1.494890102035793533e-01,1.492347927803318319e-01,1.434508338663236515e-01,-7.865965044019687102e-01,3.621678166712930524e-01,4.694224051028811906e-01,6.189324493921929959e-02,9.935096301977999755e-02,-4.060724620229651943e-02,1.459944672924802234e-01,-4.975701760143190766e-01,5.637018821933441615e-01,6.438293922073010656e-01
1.397329040513289045e-01,1.412628214069615584e-01,1.590585535694143127e-01,1.728155089270478617e-01,1.429869895759224019e-01,1.575199231166138913e-01,1.502296234628387184e-01,1.427117582124468043e-01,-7.966516220674301207e-01,3.618268740045673670e-01,4.662843500353820447e-01,5.743204679777132865e-02,1.248822652694443203e-01,-4.691037800763655369e-02,1.492728262944479911e-01,-5.016707543312157735e-01,5.616361294425353812e-01,6.431434296354662239e-01
1.395530042215710753e-01,1.455471025378604899e-01,1.689043533689799093e-01,1.762915221618554518e-01,1.507928995679778117e-01,1.623649176770143865e-01,1.511521866923659640e-01,1.422161367441396873e-01,-8.095953462338016937e-01,3.658732536625205478e-01,4.665532528250977418e-01,6.574410015328858992e-02,1.260802601581233195e-01,-3.788355922065204245e-02,1.527937973531828808e-01,-5.063736598302059910e-01,5.599459278751858227e-01,6.424438576759300412e-01
1.409291610389492022e-01,1.496355952500486586e-01,1.769819069786183197e-01,1.825429131121575066e-01,1.604423984137050840e-01,1.641700663961226658e-01,1.518179698230081032e-01,1.425779865441653693e-01,-8.207329877262423690e-01,3.712316577289073161e-01,4.686131291712904989e-01,6.256571264751144279e-02,9.989642740822597677e-02,-1.402103433063162270e-02,1.554108410324942235e-01,-5.108041856719436336e-01,5.594273649222464284e-01,6.415903780308820359e-01
1.408876456936204724e-01,1.544483000974157250e-01,1.871070384226797001e-01,1.915245786867326161e-01,1.913349406895519245e-01,1.728144838567928221e-01,1.532669066284933490e-01,1.423950115036424768e-01,-8.272372652852726382e-01,3.782578417307021490e-01,4.710859880612186523e-01,5.257287554738659247e-02,5.246360642918415640e-02,9.915401424624504731e-03,1.563476558252918092e-01,-5.140044866226657350e-01,5.604462467314710317e-01,6.407000232087223246e-01
1.413309885789210685e-01,1.577198118163448126e-01,1.918618268006375138e-01,2.001741214986778872e-01,2.146650271589130576e-01,1.831564176597930971e-01,1.541254029670811876e-01,1.421033790160863564e-01,-8.281811901165243572e-01,3.857646042951675125e-01,4.764173833457517881e-01,1.491204027532862589e-02,-1.047441430252500291e-02,2.698010941873326199e-02,1.555678022693238738e-01,-5.146121976404189891e-01,5.630497265895021419e-01,6.401959475534478861e-01
1.423130058832400291e-01,1.588740409235088469e-01,1.980691397299732537e-01,2.074075297532989026e-01,2.383559383580448054e-01,1.975478915052903406e-01,1.542883891376309879e-01,1.420193232551738849e-01,-8.226295769762931309e-01,3.929690857581565333e-01,4.836028055952208415e-01,-3.223560152324340261e-02,-7.299937133135202261e-02,4.455139873805668421e-02,1.532344542381771924e-01,-5.119415052156531809e-01,5.672445608736560452e-01,6.402035568982104019e-01
1.420880029622609009e-01,1.595485371513187256e-01,2.057300022809418205e-01,2.166398250052288810e-01,2.761446407746075971e-01,2.039627811612697017e-01,1.562283345952757696e-01,1.431627891246601281e-01,-8.115593339979840781e-01,3.978649829513761227e-01,4.947271155134376208e-01,-8.543369029131230030e-02,-1.316131107703285841e-01,6.408832053149526864e-02,1.496934097357911220e-01,-5.057904708539276983e-01,5.731079097246331022e-01,6.406133627297943001e-01
1.430387556238014723e-01,1.613500981245344079e-01,2.115872537181847368e-01,2.261965549928759700e-01,3.230918333847383472e-01,2.145025535234908187e-01,1.573384856814735167e-01,1.433483268408206057e-01,-7.945588117952845364e-01,4.027418703072765394e-01,5.093784662092862847e-01,-1.326955579725213330e-01,-1.853159083081590830e-01,9.156619924978172398e-02,1.449868900550549400e-01,-4.964805909794232641e-01,5.807416693885874004e-01,6.412018436155262346e-01
1.452190800562508377e-01,1.685250773746186925e-01,2.277121213649381526e-01,2.354637026334769900e-01,3.612736502441054043e-01,2.237389490564409000e-01,1.581734054041956661e-01,1.440474247547512410e-01,-7.727433693687251193e-01,4.062922660279003617e-01,5.276683985204396743e-01,-1.778698567745243264e-01,-2.297625540911649444e-01,1.382405251200111984e-01,1.393064820461195064e-01,-4.843300193560891032e-01,5.904738056325035123e-01,6.412276475041546187e-01
1.466111254625818983e-01,1.753458948515900784e-01,2.492678112228419451e-01,2.484098274193816402e-01,4.031385445297960834e-01,2.329143529092167209e-01,1.601097631159478507e-01,1.444718038403337290e-01,-7.451063247358004071e-01,4.061267076265200893e-01,5.512006514498304366e-01,-2.252745894217702272e-01,-2.719320622929220499e-01,2.010832658242555637e-01,1.329387297409878876e-01,-4.692244560425904432e-01,6.026066980525701666e-01,6.397760631957126742e-01
1.480569870573020808e-01,1.808392463482972057e-01,2.713027214249723040e-01,2.609510494545492776e-01,4.428118386102319892e-01,2.467881662759237316e-01,1.610753792961863717e-01,1.450576314910835551e-01,-7.111529283642014088e-01,4.028298093209533581e-01,5.785682501548302659e-01,-2.673595021771771330e-01,-3.170261716614055647e-01,2.761134786196178803e-01,1.257173019127791058e-01,-4.512047053469282476e-01,6.172484158674284016e-01,6.360871059701508345e-01
1.504782029996835357e-01,1.880998189646764795e-01,2.989555291597960074e-01,2.711863759510264038e-01,4.814713382084431226e-01,2.573207631463595990e-01,1.613270340437962802e-01,1.460027462662214504e-01,-6.720246592646977879e-01,3.956432020426645657e-01,6.079624456466640181e-01,-3.069875120278410252e-01,-3.676242722580531641e-01,3.543012605101319434e-01,1.173402124950043007e-01,-4.302623513308735936e-01,6.343424280942520088e-01,6.296827981528971829e-01
1.527195191123072171e-01,1.943952879359448493e-01,3.219068521699234853e-01,2.803807436035202771e-01,5.157440496502522231e-01,2.648791186718252311e-01,1.623054636022226715e-01,1.466475154566354855e-01,-6.253289442499095907e-01,3.829743058101084396e-01,6.393956313517394907e-01,-3.451282722474875997e-01,-4.152478735926661835e-01,4.309319574662616170e-01,1.076710776262272129e-01,-4.062348755221206753e-01,6.535920451407704057e-01,6.204745845246215641e-01
1.534919095494725050e-01,1.999024778810948588e-01,3.463455521200998755e-01,2.886371719726614771e-01,5.486564928636362692e-01,2.747320939631760495e-01,1.630681158719651525e-01,1.476361957176121620e-01,-5.742148986563220259e-01,3.659322582225115195e-01,6.744187137381023600e-01,-3.912485420042511319e-01,-4.507693693347569197e-01,5.053488532755845419e-01,9.711852002316714860e-02,-3.793609196835248665e-01,6.747767634219000721e-01,6.084141479511293582e-01
1.555692144212913464e-01,2.069923763000116324e-01,3.678643394488224638e-01,2.996500142575790337e-01,5.905941671374340673e-01,2.908764379447750237e-01,1.644909133859471795e-01,1.476356831824846561e-01,-5.204821862517575726e-01,3.438654415575307377e-01,7.120725601046451470e-01,-4.333016213169559316e-01,-4.805613961420703850e-01,5.706195273502097098e-01,8.614534607745824579e-02,-3.496417672253612774e-01,6.975534282294455490e-01,5.937119601357677690e-01
1.577418508268279562e-01,2.129126695579388884e-01,3.902139462192471542e-01,3.080812171052028647e-01,6.277027354397842762e-01,3.005592515737908754e-01,1.656415547472186167e-01,1.488852438233665421e-01,-4.645422095415252528e-01,3.161676641975859625e-01,7.507086472342833217e-01,-4.779303455801922063e-01,-5.116340305786392095e-01,6.220246993471285624e-01,7.479048737883038644e-02,-3.171083519696931141e-01,7.214801707508055051e-01,5.767211676680251697e-01
1.598760470978009551e-01,2.167054295015508614e-01,4.079502243069081380e-01,3.160516508731906482e-01,6.582078011592298328e-01,3.031055260872859702e-01,1.652458776287769326e-01,1.500164088497924486e-01,-4.059415468734105525e-01,2.844582680250717921e-01,7.887850551275223943e-01,-5.196605743027243873e-01,-5.431304132992048617e-01,6.563567919255602900e-01,6.286227981927863806e-02,-2.819569252503697498e-01,7.460091129448893632e-01,5.579940409113399724e-01
1.606084597950200588e-01,2.223873939251835297e-01,4.237060666618506777e-01,3.221687576200836789e-01,6.913549854610155920e-01,3.214342947823544683e-01,1.652551032610722337e-01,1.503592948501000504e-01,-3.456258512456943377e-01,2.484556111904584474e-01,8.253551926382658444e-01,-5.555531664754843613e-01,-5.707150276783160558e-01,6.768168835573603603e-01,5.026773554980133035e-02,-2.443691530226833053e-01,7.706047501428894275e-01,5.380208330819318263e-01
1.611076690092198005e-01,2.270135359861351065e-01,4.344057499838565595e-01,3.275857413827910625e-01,7.316592102834227340e-01,3.365925211786144344e-01,1.668865025719528938e-01,1.521229282238795999e-01,-2.832338863731100331e-01,2.076138891697798250e-01,8.572155812329156355e-01,-5.894710938478262552e-01,-6.000305441979846277e-01,6.842580884768811877e-01,3.696173939793449825e-02,-2.046536732246510282e-01,7.947854528786616468e-01,5.172017189343103283e-01
1.625422548311346582e-01,2.292353757639131739e-01,4.421727073062207136e-01,3.302498989756146863e-01,7.616835180532588456e-01,3.508558612422328915e-01,1.691621585381200554e-01,1.521306162507923276e-01,-2.190548486639143921e-01,1.609521943573630487e-01,8.842631727803414998e-01,-6.160918929202124916e-01,-6.230950300140367659e-01,6.752766516220534143e-01,2.335319593558578613e-02,-1.629115695646278228e-01,8.187136926381916036e-01,4.953248310885238759e-01
1.638666456006337147e-01,2.314797670873018909e-01,4.484912403582271834e-01,3.365761200545339671e-01,7.957312265740887902e-01,3.626093167864098410e-01,1.694496907446560452e-01,1.523202542479729082e-01,-1.545042550434790329e-01,1.116401332130371599e-01,9.062735030715738382e-01,-6.250600015862273207e-01,-6.345926306461810995e-01,6.464902972433570483e-01,9.194704826520384844e-03,-1.200234584372485286e-01,8.414238872330911390e-01,4.735593695043287532e-01
1.594270663260976828e-01,2.302768471430238773e-01,4.473477744887409679e-01,3.448463868721179937e-01,8.260881696416824127e-01,3.779920335685214017e-01,1.696408663472191714e-01,1.508236516756287504e-01,-8.950404173829297483e-02,6.195755305768892163e-02,9.258030249045442472e-01,-5.790694889073291218e-01,-6.301395836284700014e-01,6.058646559374921692e-01,-5.781355744292586071e-03,-7.757236986040254301e-02,8.628168188701689223e-01,4.524187559774185408e-01
1.606433121836910727e-01,2.298714318571594417e-01,4.426488524396823276e-01,3.471476695946609237e-01,8.372081317682507073e-01,3.855180993809534939e-01,1.723045114049152615e-01,1.521531677964029772e-01,-2.084969331454088887e-02,1.465470827750495544e-02,9.412072639106364713e-01,-6.057456935910618956e-01,-6.223606578254726740e-01,5.368103183444664639e-01,-2.148287815535317863e-02,-3.595345793863536504e-02,8.821748428275025811e-01,4.327784585676178741e-01
1.613126830602258921e-01,2.283722666091776987e-01,4.373061862704645808e-01,3.507933319566761132e-01,8.497298774685726475e-01,3.920073066304225473e-01,1.739794762016347307e-01,1.547307069526765444e-01,4.665878161656786954e-02,-3.524399150887270321e-02,9.520153192625423477e-01,-6.232380051303942903e-01,-5.986344990325637161e-01,4.496081646532147369e-01,-3.601614669771315697e-02,6.051298026938252937e-03,8.980267929587653075e-01,4.157475743272606716e-01
1.607345434363887937e-01,2.253611227350262869e-01,4.245194599092171339e-01,3.537286206319552040e-01,8.541299915382900565e-01,3.975780509313844302e-01,1.768742746018401868e-01,1.550817935150244353e-01,1.130358502818762934e-01,-8.499787089821830843e-02,9.555121418052665572e-01,-6.259480334722634653e-01,-5.663420599438037106e-01,3.404878595341492842e-01,-4.947033404237468485e-02,4.751018033141285457e-02,9.096816657189628064e-01,4.020516923000975740e-01
1.578130932095525574e-01,2.114529695147757959e-01,4.059518498447266532e-01,3.519972769712091387e-01,8.417763573597928373e-01,4.002037683896444431e-01,1.762351432978288002e-01,1.541274531075912668e-01,1.704923676243767228e-01,-1.339940231096389822e-01,9.499062148441229647e-01,-6.119434115394264406e-01,-5.245372594541114486e-01,2.124785368084060599e-01,-6.191527713125256210e-02,8.734955856997465851e-02,9.165308213603574616e-01,3.923355058703163478e-01
1.562375602275710429e-01,2.036204076960896059e-01,3.787218835901028924e-01,3.504145684974424024e-01,8.271060644049273991e-01,3.995220966700492871e-01,1.797506217374550685e-01,1.550418157750782511e-01,2.325797800902464629e-01,-1.768352343828961670e-01,9.352414831978494991e-01,-5.802197887071154359e-01,-4.663448449920746253e-01,7.935460423841565747e-02,-7.339793867583768727e-02,1.247167602516915941e-01,9.184195528791846419e-01,3.868193699796760865e-01
1.571334716304674806e-01,1.986093517543741638e-01,3.539382474991088490e-01,3.432913552952371328e-01,8.015725894223787451e-01,3.954664062060221918e-01,1.813328176760942712e-01,1.565389308825499426e-01,2.870332368983147808e-01,-2.157592835157701727e-01,9.168146800579977107e-01,-5.357150937050645378e-01,-3.744796977717268494e-01,-6.791362087114632962e-02,-8.313570361230136763e-02,1.583364340736015952e-01,9.148883747155100998e-01,3.861712743760977173e-01
1.598386320334923560e-01,2.030837834175812651e-01,3.500352925030811857e-01,3.398548072652481378e-01,8.080131058347337358e-01,4.236891530026426489e-01,1.846227806596138776e-01,1.584440239515236826e-01,3.261898479370943238e-01,-2.438965584392956687e-01,8.945640851735305876e-01,-4.794189170150587320e-01,-2.749233044037135421e-01,-2.080995108062514420e-01,-9.082680771081405591e-02,1.867446203134438543e-01,9.056731963750710435e-01,3.908346789131708077e-01
1.631414083951998051e-01,2.052840967200036948e-01,3.363721310737828873e-01,3.453553342537405424e-01,8.241307979897020131e-01,4.437241511372089775e-01,1.876375122796578587e-01,1.607160921717982471e-01,3.599423819237200783e-01,-2.706901588096560785e-01,8.803655636154865682e-01,-4.659585478171391348e-01,-1.905162151019642036e-01,-3.359189343789896753e-01,-9.602266283121860257e-02,2.107383320686061490e-01,8.926898410732624356e-01,4.006811613745139833e-01
1.646964399720806937e-01,2.075853794425466248e-01,3.242968034695264956e-01,3.437008708621216990e-01,8.285621767021978945e-01,4.507176929521528597e-01,1.906235419325610081e-01,1.613367722112190317e-01,3.888156584968056606e-01,-2.873882024060759321e-01,8.673881648801496924e-01,-4.252855418733438309e-01,-1.189033058581261681e-01,-4.515946155379551574e-01,-9.990288007311694252e-02,2.303577145640776647e-01,8.766786453705973647e-01,4.159089322259428290e-01
1.701354627452712487e-01,2.121807693958472629e-01,3.157328540238761860e-01,3.524667591480129536e-01,8.271281034154105427e-01,4.565119025687114362e-01,1.958237233363294694e-01,1.651110808902404581e-01,4.113681888493433969e-01,-2.926383738402451029e-01,8.562589173418497790e-01,-3.728160974771590475e-01,-5.295201295147197729e-02,-5.531768936055441177e-01,-1.035823732732974456e-01,2.449060344479176698e-01,8.578646680811156111e-01,4.364017109332669064e-01
1.762243800601509813e-01,2.151575734164551668e-01,3.059875111093035005e-01,3.637512450505135386e-01,8.530818572025216096e-01,4.683550517602035335e-01,1.992479705232580722e-01,1.677813889045942919e-01,4.285837937828549937e-01,-2.924294137583358655e-01,8.480896742908590191e-01,-3.278926109555461155e-01,1.783587038980947309e-02,-6.503387291503693879e-01,-1.068041346875781838e-01,2.545627661526825292e-01,8.367510476246905471e-01,4.617093985989512706e-01
1.813410182381345048e-01,2.169734853732412094e-01,2.899297855642545829e-01,3.702896556722239940e-01,8.567890237798384545e-01,4.794442617791208616e-01,2.009854646055343474e-01,1.691934231808984168e-01,4.412597014359287972e-01,-2.801146436381268257e-01,8.405636550080702873e-01,-2.724937187785211323e-01,9.225386770233999501e-02,-7.432086675967680689e-01,-1.095414255722435282e-01,2.591463194912421164e-01,8.133599939164510850e-01,4.915179306586078822e-01
1.845679394009697438e-01,2.171790119593748070e-01,2.809511952004445368e-01,3.802312995406349483e-01,8.544175237448259352e-01,4.879118546207983353e-01,2.041667701420207537e-01,1.716453912309308383e-01,4.419222312986550438e-01,-2.614979890060866174e-01,8.344751250600219716e-01,-2.448875149365391801e-01,1.883116665821019386e-01,-8.125933460017786825e-01,-1.107701858283780122e-01,2.586034917570586567e-01,7.884238618131760301e-01,5.248823546272847196e-01
1.892837751092364407e-01,2.224053326546465426e-01,2.701613056959961123e-01,3.884139228514139619e-01,8.722404202690370312e-01,4.902567028291800466e-01,2.059806319582967726e-01,1.751859838918053136e-01,4.333308711067753727e-01,-2.364183353189095449e-01,8.315537327617615881e-01,-1.758928788173700908e-01,2.969072155730259066e-01,-8.499960990722759124e-01,-1.103305320847098037e-01,2.518699346138725814e-01,7.626267702895619394e-01,5.603622612793918156e-01
1.950451824776339993e-01,2.290134480536991091e-01,2.703181414450157027e-01,3.998316678870684204e-01,8.978784524175988935e-01,4.870195309637944669e-01,2.085868730817111993e-01,1.783672894282917198e-01,4.123633168008551397e-01,-2.019626348562750806e-01,8.339652170340589032e-01,-8.935041539720124659e-02,4.056895795079733524e-01,-8.555096733783468244e-01,-1.088293174937120106e-01,2.380275329076630975e-01,7.364960794513761844e-01,5.965286472216972946e-01
2.011469131707016023e-01,2.385404510039502990e-01,2.794397291094024571e-01,4.103012229368200314e-01,9.082793277602632109e-01,4.856156972495305202e-01,2.097154754324995207e-01,1.810642492692763339e-01,3.816601582250392921e-01,-1.579005970175158535e-01,8.371783239268184573e-01,1.150520100427751546e-03,5.078494858576727555e-01,-8.203464966297162597e-01,-1.065720231263711792e-01,2.170783217542689991e-01,7.110129088698151634e-01,6.318122943687062287e-01
2.064690779348186955e-01,2.476979161272631069e-01,2.943955041302939168e-01,4.242662675562247077e-01,9.162774384251368698e-01,4.886596433718428112e-01,2.112541058852999143e-01,1.830533980991625453e-01,3.455484293627941739e-01,-1.079408682469133046e-01,8.402307112858788951e-01,6.809900386099985992e-02,6.036191314983040401e-01,-7.423482834412447051e-01,-1.035154496724190326e-01,1.899340953256193898e-01,6.875054038176580118e-01,6.642725091517351910e-01
2.108476655291804391e-01,2.548693076314547667e-01,3.158727761136878587e-01,4.355630543017856016e-01,9.419323842329065943e-01,4.912633218196196805e-01,2.125093044125844766e-01,1.861378344965485820e-01,3.027970827750461336e-01,-6.468716819192897594e-02,8.479102411770457204e-01,5.666881522516584169e-02,6.941069591077615453e-01,-6.603624083403094591e-01,-9.783622784216448875e-02,1.594393242090237361e-01,6.675028101904659783e-01,6.929522462954676998e-01
2.136179178933997058e-01,2.639560429071704517e-01,3.357294120238789592e-01,4.480012567763227427e-01,9.586072020714838660e-01,4.915980072578871041e-01,2.111029080226829724e-01,1.869922305541163177e-01,2.480774388683075760e-01,-2.026730102576050629e-02,8.610451499930278363e-01,8.396351396001422440e-02,7.786081167834472128e-01,-5.703286203530600895e-01,-8.923936071142642146e-02,1.258034529354274123e-01,6.512154511498412512e-01,7.175131910292007476e-01
2.171036692956300751e-01,2.730945442307651794e-01,3.587007239039794460e-01,4.623204631688404009e-01,9.695482894385492045e-01,4.826814336445064413e-01,2.106918548504158328e-01,1.881890000768641491e-01,1.864794926812577414e-01,2.524777965100048760e-02,8.790276660778185702e-01,1.284774615890096616e-01,8.447983257358486764e-01,-4.626512844360629040e-01,-7.879578675786275133e-02,8.878461169152486454e-02,6.385580711152055722e-01,7.374173947252428141e-01
2.188319377456111048e-01,2.783710933685334954e-01,3.744765551288951055e-01,4.756094739550527084e-01,9.694688464937842864e-01,4.731600685806578444e-01,2.064752283563488500e-01,1.760926585323795979e-01,1.209550522518679644e-01,7.549497666283065678e-02,8.971646802950039579e-01,1.773774848406888816e-01,8.913354043064003474e-01,-3.373798580833433092e-01,-6.790225733497284866e-02,4.861980939878793317e-02,6.293161962415506627e-01,7.521715666775127263e-01
2.209476827519935571e-01,2.839587513287034071e-01,3.902503362133006859e-01,4.846147161454935071e-01,9.764859649245938300e-01,4.632066364043140316e-01,2.054096678262449238e-01,1.683954059873573883e-01,5.253820335410434167e-02,1.289632795119547148e-01,9.145147366233734587e-01,2.356387432532059956e-01,9.173512578171255649e-01,-1.926476238088360993e-01,-5.740786933114556956e-02,6.245278086850335891e-03,6.238224508635795695e-01,7.613299753891864530e-01
2.209389696548257898e-01,2.875249707459536785e-01,4.025619425113415861e-01,4.933360138752909130e-01,9.803796942883263865e-01,4.375101752512156050e-01,1.981439698585904519e-01,1.528594412021188342e-01,-1.380899270970240705e-02,1.834862086345896981e-01,9.259302673740810175e-01,3.009257195753049507e-01,9.169394057677718868e-01,-3.903826503326892489e-02,-4.883819468215683246e-02,-3.761184343583573453e-02,6.218292514740159094e-01,7.642538076170922734e-01
2.184096088005386405e-01,2.880938847374954759e-01,4.108624489014490733e-01,4.962661771992948889e-01,9.698296712235550121e-01,4.174013720582870901e-01,1.952706979337406612e-01,1.539111632837798505e-01,-7.240219957149195140e-02,2.363310875720442683e-01,9.299231232303353245e-01,3.629932223219800580e-01,8.894227541365747891e-01,1.158265870984184487e-01,-4.350050111489375815e-02,-8.208404767973488669e-02,6.232518047937216643e-01,7.606603387851906817e-01
2.164107218032296220e-01,2.889200913630498579e-01,4.149135265493286706e-01,5.000087087004103648e-01,9.564217522877591637e-01,4.045603169735230153e-01,1.899234189483753332e-01,1.465608970200854011e-01,-1.229271377129863840e-01,2.904161485457258385e-01,9.265371996346736250e-01,4.257655769712533345e-01,8.425461922774141188e-01,2.632533185195664593e-01,-4.221027094856145967e-02,-1.265619162425216382e-01,6.276922606283598105e-01,7.507845920897167069e-01
2.135584638186079631e-01,2.888145091267817488e-01,4.185443253926457996e-01,4.999846195494171419e-01,9.415392697901026064e-01,4.031774971994872558e-01,1.809965946324443575e-01,1.482661013893282198e-01,-1.656989754240785206e-01,3.405983664772648245e-01,9.130115769415301230e-01,4.971337322023435812e-01,7.730546680612579991e-01,3.943000363405031461e-01,-4.544566288589130948e-02,-1.704392406001193627e-01,6.344581835175238105e-01,7.352491345444934767e-01
2.096985617732915474e-01,2.833672857915509602e-01,4.206723712420886718e-01,5.015862918229018197e-01,9.358901076146308728e-01,3.907890106323190782e-01,1.854864023494768588e-01,1.546651024563545918e-01,-2.017682901298113451e-01,3.885395961579695134e-01,8.879453042047776856e-01,5.608099803838436648e-01,6.890408154046525624e-01,4.769644374173727108e-01,-5.273670175701161700e-02,-2.136046975307545615e-01,6.423893500469947115e-01,7.153862935053570959e-01
2.056628601792373778e-01,2.784290098379426648e-01,4.205180981687066111e-01,5.003997730027043289e-01,9.172574055889458622e-01,3.807981633916667219e-01,1.888875854556672784e-01,1.756805802898574187e-01,-2.320034116979672045e-01,4.379865037067600109e-01,8.544977670106740364e-01,6.290341150092366718e-01,6.039171982663037452e-01,5.188059179638812024e-01,-6.336772482129703066e-02,-2.561127673808701877e-01,6.501375899320119833e-01,6.925225191542805359e-01
1.991608395515805097e-01,2.726952793664309538e-01,4.174029096636696079e-01,4.986545908935153815e-01,9.017347667170225733e-01,3.710804973739798562e-01,1.910207566563852100e-01,2.022739779161073226e-01,-2.573120722045901254e-01,4.900927640560105436e-01,8.151598465624495526e-01,6.857817978640727841e-01,5.206303377267709198e-01,5.200683507902097436e-01,-7.630348663115785190e-02,-2.981198576715350379e-01,6.569376617572980637e-01,6.679991397696148914e-01
1.940216498279862811e-01,2.655807792613934515e-01,4.092002974829176409e-01,4.855229283914502814e-01,8.673933755681264568e-01,3.622971828937531225e-01,1.956812385708802671e-01,2.334022863506111101e-01,-2.776135415613244506e-01,5.419899655709501385e-01,7.703361314496990353e-01,7.199529608238616207e-01,4.321099049965607120e-01,4.969129909595235151e-01,-9.074482521971734272e-02,-3.390353332904078587e-01,6.621093337235381959e-01,6.428996311254675522e-01
1.930119556267814729e-01,2.527709888194078491e-01,3.997542750828137481e-01,4.669589060728522312e-01,8.253578070849734161e-01,3.540059021359408531e-01,2.015072253653447387e-01,2.761318273964198378e-01,-2.925627788767755644e-01,5.891503600117418138e-01,7.191284192031384137e-01,6.794103728598561709e-01,3.297956780474646243e-01,4.470864933598597823e-01,-1.058171123781525974e-01,-3.771040662307310609e-01,6.644774575825329599e-01,6.184606566414641016e-01
1.885964655032386639e-01,2.393348804515987582e-01,3.878936996969861717e-01,4.609648077565628999e-01,8.004347614392950394e-01,3.512161734368759447e-01,2.039151153944108175e-01,3.117017652459697641e-01,-3.072114632577793714e-01,6.335882988674137462e-01,6.590875021330365735e-01,7.039089057019944917e-01,2.282522830431070182e-01,3.995561893469377068e-01,-1.212972858796061842e-01,-4.117734740031720464e-01,6.630935800052877305e-01,5.951380137557764627e-01
1.843485102995063851e-01,2.270043103538453844e-01,3.699078170022334633e-01,4.415551665444663043e-01,7.556074781834746235e-01,3.489411581396263395e-01,2.099837875717586455e-01,3.522056225005537611e-01,-2.937839449036634409e-01,6.762349185332183765e-01,5.884765908913143218e-01,7.323539042366449259e-01,1.239799413792901372e-01,3.203243476410231327e-01,-1.430525849334293165e-01,-4.388541147501688888e-01,6.641655886375804618e-01,5.682628242329721413e-01
1.804082608356706030e-01,2.154896170376367770e-01,3.515644184441864550e-01,4.223985066414754352e-01,7.124105842428247737e-01,3.479200562631936666e-01,2.161463290502497747e-01,3.916432860933968807e-01,-2.771334672894152362e-01,7.175168355563152911e-01,5.164947817459214496e-01,7.514292556896219333e-01,2.470426448389584362e-02,2.388536617888967761e-01,-1.655131823120616907e-01,-4.637665508288132399e-01,6.640543988316791602e-01,5.422410009080279591e-01
1.768814199445041535e-01,2.052220837382201235e-01,3.334278466532950569e-01,4.041992887371671506e-01,6.722158949607198730e-01,3.481200617907845851e-01,2.222197760952882017e-01,4.288975651175879200e-01,-2.583537299641818219e-01,7.573673303453486438e-01,4.444496937316235741e-01,7.593522330043909196e-01,-6.720474119248320832e-02,1.592196410136288431e-01,-1.882785668726127404e-01,-4.865496115390512966e-01,6.625970782481930277e-01,5.176411273611198904e-01
1.738736904587757093e-01,1.966329936908369769e-01,3.160624442600005746e-01,3.876619735211080386e-01,6.363952256805167629e-01,3.495083687055974275e-01,2.280211649722727330e-01,4.628512686662079045e-01,-2.385384324771020470e-01,7.957196833089477117e-01,3.736489458831711574e-01,7.543401091244019696e-01,-1.493770691992573063e-01,8.549779453828310061e-02,-2.109482274721886375e-01,-5.072421261808208737e-01,6.596306945477163897e-01,4.950317871724108088e-01
1.714907752112540540e-01,1.901536301307285848e-01,3.000325538947440918e-01,3.734910216828644658e-01,6.063203917455728398e-01,3.520521709908305819e-01,2.333675319466025355e-01,4.923872058323358614e-01,-2.187812743773186464e-01,8.325071748557419937e-01,3.054001572353149396e-01,7.346101569931041686e-01,-2.194427130858376263e-01,2.176363158592264924e-02,-2.331216529678954985e-01,-5.258829240540586758e-01,6.549923153908433493e-01,4.749815639220636987e-01
1.698383770347078325e-01,1.862152762931365557e-01,2.859025181879668032e-01,3.623908939120026318e-01,5.833632084992439459e-01,3.557186626296824361e-01,2.380759132836764713e-01,5.163881857090522054e-01,-2.001759552139714682e-01,8.676630853943614330e-01,2.410109468228057161e-01,6.983796495539476012e-01,-2.750316664016347890e-01,-2.790733862039007640e-02,-2.543983322168395511e-01,-5.425108344587027398e-01,6.485190084381681208e-01,4.580590411902416559e-01
1.690221987619058008e-01,1.852492154133021096e-01,2.742366797701103476e-01,3.550660508980889585e-01,5.688954912848878109e-01,3.604750376053513228e-01,2.419633452488937908e-01,5.337370173894374625e-01,-1.838161745362004718e-01,9.011206953334351955e-01,1.817889336803948375e-01,6.438658597503821301e-01,-3.137739226960598593e-01,-5.943960685759086537e-02,-2.743777540761272449e-01,-5.571646866946897703e-01,6.400478413502848074e-01,4.448328025571071098e-01
1.691479432256166315e-01,1.876867307264666884e-01,2.655993812716155866e-01,3.522209533306899232e-01,5.642890554458609431e-01,3.662884899010356854e-01,2.448468641076533281e-01,5.433165099665717701e-01,-1.707956318931476147e-01,9.328132850815928911e-01,1.290417368428320444e-01,5.692860605258578399e-01,-3.332994755185230140e-01,-6.875766390261572880e-02,-2.926594074028647796e-01,-5.698833100619572489e-01,6.294158817877875123e-01,4.358714316028233227e-01
1.703213132586090806e-01,1.939591054678718729e-01,2.605549653229237705e-01,3.545600618993717812e-01,5.709157163255207390e-01,3.731262134999339120e-01,2.465435061253541393e-01,5.440094725335345993e-01,-1.622080268339523013e-01,9.626741350474641301e-01,8.407697534486857638e-02,4.728575248238243156e-01,-3.312383184184368723e-01,-5.178600053240312029e-02,-3.088427810541582441e-01,-5.807055338604427686e-01,6.164601974112705607e-01,4.317435119075530014e-01
1.726480116936517928e-01,2.044976228727589940e-01,2.596677745544762606e-01,3.627878372937005658e-01,5.901472892672230408e-01,3.809554023852443905e-01,2.468703075673953640e-01,5.346987141834070867e-01,-1.591470589077572662e-01,9.906365256396783003e-01,4.820226822125595056e-02,3.527975255877319194e-01,-3.052204449452116108e-01,-4.449107523888162774e-03,-3.225273638871142823e-01,-5.896701873900833668e-01,6.010178558813280558e-01,4.330176270514589643e-01
1.762337413635134964e-01,2.197335661763693548e-01,2.635021515967143069e-01,3.776087402032429763e-01,6.233555896143253561e-01,3.897432505401654534e-01,2.456443046991758916e-01,5.142670440092684814e-01,-1.627064276637010254e-01,1.016633737266865234e+00,2.272523450674446277e-02,2.073233357610293204e-01,-2.528758486482571843e-01,7.732852434599268854e-02,-3.333126447588385943e-01,-5.968160999508165254e-01,5.829259248585541009e-01,4.402623606147044177e-01
1.811842051009630028e-01,2.400982186139445917e-01,2.726224390800795483e-01,3.997272313175652680e-01,6.719124327101846372e-01,3.994569519478956554e-01,2.426825337860948895e-01,4.815972711041994758e-01,-1.739798326509250925e-01,1.040599050337654097e+00,8.953493236085408036e-03,3.465222828716785219e-02,-1.718345230769856569e-01,1.976224043002996478e-01,-3.407981125264379907e-01,-6.021821008425795041e-01,5.620214720035430211e-01,4.540462961774520134e-01
1.876051057387688181e-01,2.660228634207258969e-01,2.875929796350125134e-01,4.298477713262340849e-01,7.371896338981565044e-01,4.100637005916331068e-01,2.378020310935511916e-01,4.355722045612807070e-01,-1.940609734185700930e-01,1.062465745260674721e+00,8.194663444029082200e-03,-1.669985238904043157e-01,-5.972646178080753820e-02,3.605080415621022549e-01,-3.445832560470181161e-01,-6.058070193653095625e-01,5.381415649768886977e-01,4.749380173198647359e-01
1.956021461096998926e-01,2.979387838319550452e-01,3.089781158919546189e-01,4.686748209188150160e-01,8.205590085215993534e-01,4.215306904545763067e-01,2.308198328869440763e-01,3.750746534735908133e-01,-2.240435495157766521e-01,1.082167102444556495e+00,2.175636416532544803e-02,-3.994116478282365157e-01,8.581834169086732800e-02,5.700609453544591698e-01,-3.442675641776858919e-01,-6.077296848189440714e-01,5.111232714391856780e-01,5.035061076221052367e-01
2.052810290465247600e-01,3.362772630828727571e-01,3.373421904813478922e-01,5.169128407848750939e-01,9.233923719238700256e-01,4.338251155199238096e-01,2.215529754316723221e-01,2.989874269342114310e-01,-2.650212604916863945e-01,1.099636402297929028e+00,5.094621443472768796e-02,-6.643698705828791073e-01,2.671698937886262115e-01,8.303566249004357136e-01,-3.394505257755473515e-01,-6.079889265034202905e-01,4.808036590510278430e-01,5.403191506643370001e-01
