1.369815212708143937e-01,1.964175631170910208e-01,1.859700395405404771e-01,1.237221696864650999e-01,1.799951236051260672e-01,4.626976098812498606e-01,1.630719146617377047e-01,1.477604138818656709e-01,-1.284091140723384816e+00,1.624386932020328855e-01,1.683827825141212542e-01,1.739787359487216800e-01,5.082447610937056437e-01,-1.731326065405955350e-01,-6.048970678229012576e-02,-7.907315381225201723e-01,-1.947327712941389621e-01,8.111455551298667466e-01
1.556647456929664830e-01,2.477055551618523310e-01,2.744641511507099341e-01,2.027331377861921746e-01,3.434020251963804116e-01,4.865534481008629286e-01,1.716181100413166627e-01,1.562223462252967654e-01,-1.141238246968397707e+00,1.910050520305486832e-01,2.855412021101949027e-01,-1.042233474490819323e-01,-7.191367145497062907e-02,2.617293126984218676e-01,-7.553383132568274039e-02,-6.990831756996990221e-01,-8.645076867014438171e-02,8.151041555879030565e-01
1.714047748317693021e-01,2.890588979352368137e-01,3.468861108594467613e-01,2.714918280438274323e-01,4.851566278268344412e-01,5.034871979321325908e-01,1.789442720794554575e-01,1.633216172534940336e-01,-9.989238351741817068e-01,2.078804520358650265e-01,3.873451869490990296e-01,-3.381121665732544912e-01,-5.490295744726300109e-01,6.129304572248381877e-01,-8.779021272651152397e-02,-6.086870422435675110e-01,1.079485569503299547e-02,8.179577851881683070e-01
1.843926900737699326e-01,3.211987321302988696e-01,4.044080186678464806e-01,3.305689144060932061e-01,6.065160105754540121e-01,5.140818530080447646e-01,1.851250575473017412e-01,1.691488100129645566e-01,-8.578970504992853296e-01,2.141389403130719848e-01,4.748185471091226906e-01,-5.303318855433475365e-01,-9.299825644272162739e-01,8.865825605127259923e-01,-9.744138477707420254e-02,-5.199391941861546407e-01,9.755591408463681891e-02,8.198193972224804282e-01
1.948195728055154285e-01,3.448461984400930103e-01,4.482019745770046137e-01,3.805350708197118292e-01,7.087372525212046748e-01,5.189204069615854786e-01,1.902351232160031103e-01,1.737945075502152770e-01,-7.189070381022568679e-01,2.108545639572595998e-01,5.489850926685549970e-01,-6.835266684789125247e-01,-1.221652257786673523e+00,1.088797356036157238e+00,-1.046698812696684744e-01,-4.332356879594891352e-01,1.743842187819107381e-01,8.208019449826576830e-01
2.028765044135528439e-01,3.607224375576736364e-01,4.794400785880167382e-01,4.219609712314055794e-01,7.930774327430522019e-01,5.185858534257403729e-01,1.943491258567071889e-01,1.773492929117532479e-01,-5.827029431416449468e-01,1.991013700635179684e-01,6.108686337056848936e-01,-8.003406794995008289e-01,-1.430918271018945198e+00,1.225686577269204269e+00,-1.096582359965920517e-01,-3.489725799955998298e-01,2.418315820700983054e-01,8.210183817605178902e-01
2.087545662844292327e-01,3.695485901760951486e-01,4.992944307019784311e-01,4.554172895878967897e-01,8.607936303199623662e-01,5.136611860334955315e-01,1.975417222405615458e-01,1.799037491440854952e-01,-4.500339107759980806e-01,1.799534057269370768e-01,6.614929802988014362e-01,-8.834180827246640444e-01,-1.564660220591974849e+00,1.303361957685939876e+00,-1.125889827501426188e-01,-2.675459267265155594e-01,3.004498162324432120e-01,8.205816608478793128e-01
2.126448398046916766e-01,3.720457969884121141e-01,5.089371309199851590e-01,4.814746998359077934e-01,9.131429243309003851e-01,5.047293984178367054e-01,1.998875691387138331e-01,1.815484592937189889e-01,-3.216490861638647836e-01,1.544847180426070499e-01,7.018819425261937361e-01,-9.354030422739534334e-01,-1.629757722973706358e+00,1.327935230760435958e+00,-1.136446553226179157e-01,-1.893517845842651592e-01,3.507907335521890935e-01,8.196047355365599918e-01
2.147384063608872296e-01,3.689351986876788780e-01,5.095402792431324990e-01,5.007038759221609237e-01,9.513823938548325865e-01,4.923734842117499788e-01,2.014613233223116473e-01,1.823740064071607825e-01,-1.982976144637935700e-01,1.237693541056179292e-01,7.330593304661510157e-01,-9.589397222669204801e-01,-1.633090394632084053e+00,1.305518129966764862e+00,-1.130077875063156129e-01,-1.147862100008774089e-01,3.934061463125794744e-01,8.182005591183780790e-01
2.152263473395629734e-01,3.609379359669498966e-01,5.022759756725160285e-01,5.136754917933784581e-01,9.767691179707242988e-01,4.771764370482210471e-01,2.023376415625025571e-01,1.824709735309178738e-01,-8.072864083433262117e-02,8.888136101105972853e-02,7.560489541969619420e-01,-9.566722868231170018e-01,-1.581537852035051372e+00,1.242222388778999598e+00,-1.108609130935334364e-01,-4.424525940838119897e-02,4.288478667968582125e-01,8.164820848851513935e-01
2.142997441272658787e-01,3.487751495192796813e-01,4.883163202092311028e-01,5.209602213962827300e-01,9.905601757575410726e-01,4.597212505602359389e-01,2.025911806304342422e-01,1.819299437114972884e-01,3.030868956596943775e-02,5.089478585402255895e-02,7.718746237969158486e-01,-9.312449000620934836e-01,-1.481979711650551756e+00,1.144159740671210956e+00,-1.073865658765690845e-01,2.187501076119469090e-02,4.576677072882686104e-01,8.145622661286981980e-01
2.121496781105430829e-01,3.331679800377225220e-01,4.688334128543735768e-01,5.231287386775961279e-01,9.940126462942489027e-01,4.405909183807805718e-01,2.022965972972542437e-01,1.808414999954060243e-01,1.340652315785637594e-01,1.088367572959650365e-02,7.815601493443016246e-01,-8.853017261034026308e-01,-1.341295589946529088e+00,1.017441919117472615e+00,-1.027672796477202832e-01,8.317854407582148113e-02,4.804174800700544146e-01,8.125540561408366447e-01
2.089672306759416398e-01,3.148375682153330968e-01,4.449993536090390278e-01,5.207517175840407075e-01,9.883836086598133397e-01,4.203684341428405857e-01,2.015285483341102690e-01,1.792962254291510793e-01,2.297918400449023846e-01,-3.007792226712860395e-02,7.861293409174081592e-01,-8.214869290665948176e-01,-1.166365103390928137e+00,8.681806575918573632e-01,-9.718558819928473091e-02,1.392692841034702811e-01,4.976489974254594828e-01,8.105704082133846633e-01
2.049434832100086035e-01,2.945050547451656398e-01,4.179862424743225890e-01,5.143998320623391907e-01,9.749301419332000451e-01,3.996367914794022314e-01,2.003616905121498037e-01,1.773847030592395069e-01,3.167393698064362439e-01,-7.091596104106243081e-02,7.866060085945250080e-01,-7.424446730712217501e-01,-9.640678684516915675e-01,7.024876895684368794e-01,-9.082402532356009806e-02,1.897511744121123112e-01,5.099140716377270621e-01,8.087242756381602948e-01
2.002695170992910556e-01,2.728915803202747736e-01,3.889661794513199489e-01,5.046437560592136329e-01,9.549093251933744586e-01,3.789789840234511487e-01,1.988706806025205553e-01,1.751975159321783326e-01,3.941586757046173783e-01,-1.105563934971149631e-01,7.840139624539410601e-01,-6.508191222368360229e-01,-7.412835015967643715e-01,5.264747485212812883e-01,-8.386512481284413845e-02,2.342281585697185697e-01,5.177645149901011212e-01,8.071286117069816912e-01
1.951364137303316926e-01,2.507182856337097365e-01,3.591112645411191351e-01,4.920541635213755427e-01,9.295782375192820357e-01,3.589780054079650395e-01,1.971301753763655407e-01,1.728252470944706687e-01,4.613006125808874480e-01,-1.479251725401928008e-01,7.793770125739276633e-01,-5.492544406829751313e-01,-5.048916192940742231e-01,3.462535679244593267e-01,-7.649142045943270463e-02,2.723041801442547816e-01,5.217521397658141380e-01,8.058963697116485747e-01
1.911709294487471400e-01,2.325079125530972179e-01,3.411679222619418694e-01,4.824067148161583218e-01,9.131873641413481568e-01,3.341948818520986131e-01,1.948304302592051285e-01,1.715223828003272222e-01,5.178664820128306978e-01,-1.749369663420174414e-01,7.881387700348688741e-01,-4.542942897496720644e-01,-3.197214398602917784e-01,2.345928659575082786e-01,-6.987036422589087969e-02,3.041754667850018468e-01,5.301871111864631114e-01,8.079479431649967403e-01
1.868912611339958174e-01,2.131151209333073115e-01,3.213430635296568028e-01,4.658446547056344089e-01,8.799807257647707104e-01,2.980237402979734607e-01,1.914128460289342692e-01,1.693420583678778568e-01,5.571702835062820602e-01,-1.981351398965977562e-01,7.938180206542438944e-01,-3.386090255127996995e-01,-1.190776738159027154e-01,1.189601434236425698e-01,-6.306159041437478519e-02,3.251506094856290163e-01,5.333877432183944389e-01,8.100482380449591790e-01
1.796952679436834566e-01,1.947340736552322926e-01,3.106500431643086646e-01,4.510590413470779714e-01,8.430295057465673203e-01,2.669282341116306356e-01,1.886108164868091075e-01,1.667593938603291193e-01,5.787018127780735322e-01,-2.180410565084893171e-01,7.975476519838776701e-01,-2.124537529862330354e-01,9.547510368289630067e-02,1.566778162611970338e-03,-5.614155490123261955e-02,3.344107419271074022e-01,5.312829490658422804e-01,8.121932159357726499e-01
1.728770131423496559e-01,1.791586436651750880e-01,2.956727416680615672e-01,4.295161648673621047e-01,8.045816831560200777e-01,2.622031727710686932e-01,1.860773553515017997e-01,1.645862449196649480e-01,5.773032812657870050e-01,-2.302224121340578633e-01,7.997769380751152957e-01,-9.638791939110527562e-02,3.184292664473558632e-01,-1.108631034942660354e-01,-4.872252856541958027e-02,3.313035010557796034e-01,5.241355843149383409e-01,8.145800519042686316e-01
1.713865609915357080e-01,1.677588373589835868e-01,2.785827703761971641e-01,4.106174571104967974e-01,7.894526712620284492e-01,3.128821336446370727e-01,1.900992184971130039e-01,1.642602725785653472e-01,5.500217452788325190e-01,-2.236276279989078131e-01,8.002717863598254322e-01,8.861923756794011856e-03,5.138314193276516395e-01,-1.912368185004324483e-01,-4.164014091265313966e-02,3.161237092357089828e-01,5.131516892060873358e-01,8.175789243994822098e-01
1.701559641503718467e-01,1.737918883449641461e-01,2.789825477756589511e-01,3.994749434383179643e-01,7.690271213602956069e-01,3.280229338465614486e-01,1.913487791379948899e-01,1.646093090004031589e-01,5.050246209487698756e-01,-2.139551265136719060e-01,8.080504636622574122e-01,7.529831867611302965e-02,6.674037675954407334e-01,-2.325739207281415366e-01,-3.380606217147295173e-02,2.906199951664810710e-01,5.016303859906487972e-01,8.220408613564933464e-01
1.695234958030182038e-01,1.833035152413899083e-01,2.835646118156441853e-01,3.836704102462614729e-01,7.576954822260636435e-01,3.748507057719812074e-01,1.921514091476836106e-01,1.650654652638915976e-01,4.455139548993729548e-01,-1.878506697782846846e-01,8.264679347001526732e-01,1.715785110535067159e-01,7.580812740572617781e-01,-2.259273402226450456e-01,-2.701888145855691620e-02,2.571250040501429357e-01,4.910856171366911882e-01,8.280232840237120584e-01
1.701487886585866527e-01,1.984914686750457180e-01,2.998755297136856401e-01,3.802753775616012355e-01,7.462428848017379490e-01,3.865831473759300252e-01,1.932179947480425763e-01,1.658086411987885478e-01,3.808450065255498673e-01,-1.535734149054469866e-01,8.479576917060425156e-01,2.301763888462926011e-01,7.898410261947849120e-01,-1.816656368282096035e-01,-2.252621668747292402e-02,2.190588070126912590e-01,4.831437051298367313e-01,8.352794786759498713e-01
1.707038642016855401e-01,1.995457534323443194e-01,3.097039033189157298e-01,3.699990482549229132e-01,7.250792843163834656e-01,3.927386942573866668e-01,1.908972356906540879e-01,1.649568078168583973e-01,3.172563600496690617e-01,-1.110619379013272068e-01,8.729588866101019029e-01,2.783722210972983113e-01,7.827813819864063438e-01,-1.064849586946774035e-01,-2.031154945833489600e-02,1.791678332624963843e-01,4.790841397365633858e-01,8.426634488106623522e-01
1.699232732024799908e-01,2.061133785563231957e-01,3.307972864918008460e-01,3.626769714232418451e-01,6.919946293001544291e-01,3.951081441518891069e-01,1.892371344126325960e-01,1.645570304173966103e-01,2.563143273144343204e-01,-6.411944063479477207e-02,9.003507290297090293e-01,3.265565977149441634e-01,7.398572339370634854e-01,-1.573860828237602649e-02,-2.065790235559806717e-02,1.394482366639905879e-01,4.792684800249313870e-01,8.488118694037375400e-01
1.706469728025313271e-01,2.130233771454821401e-01,3.465495411008507887e-01,3.472506891552914476e-01,6.782950778768025435e-01,3.987681574974746290e-01,1.866273055433255168e-01,1.623649176770144142e-01,2.059944979111843766e-01,-1.839169666106236709e-02,9.267098188327724806e-01,3.585557064994974730e-01,6.825221194215687071e-01,9.156454699497024174e-02,-2.352523587535978317e-02,1.012030246240396003e-01,4.839959746444454924e-01,8.524141940961408315e-01
1.725700046009681077e-01,2.191502220597979500e-01,3.666562941532692799e-01,3.363034513666958714e-01,6.697547050470179508e-01,3.992673667116743430e-01,1.836325627932546833e-01,1.615822765372988135e-01,1.642042096963759468e-01,2.640550343184286386e-02,9.533405764927981307e-01,3.788210523641786232e-01,6.018211478123987046e-01,2.024807429438465201e-01,-2.904333244718128315e-02,6.557903753543724290e-02,4.930972086358679229e-01,8.526998544634695198e-01
1.757800121045953456e-01,2.246922643936190567e-01,3.854248179877458047e-01,3.316962731054624025e-01,6.584097399994706112e-01,3.909571221541441322e-01,1.787998690759144971e-01,1.609949112811664695e-01,1.335284055358194610e-01,6.562467411707302578e-02,9.803171650634316947e-01,3.801483637294399420e-01,4.927360907959792979e-01,3.130917123538730085e-01,-3.701650380406346086e-02,3.421475452573578130e-02,5.060970863330830349e-01,8.491796854221730362e-01
1.815757593265364400e-01,2.323510768040776275e-01,4.064274824430607058e-01,3.318741227947101247e-01,6.570166695228845111e-01,3.810523808149142155e-01,1.752157109292011850e-01,1.607519696307243007e-01,1.127320878943748744e-01,9.983759180023031587e-02,1.005755981235440188e+00,3.792623145491775816e-01,3.595364849556208497e-01,4.145871919686963114e-01,-4.733797626328119929e-02,8.288014237547509239e-03,5.223664365912272789e-01,8.416328761919364965e-01
1.926465180808631938e-01,2.369305781684253043e-01,4.164193547539681295e-01,3.297845170798309744e-01,6.390307868281237536e-01,3.684850194882432484e-01,1.739164343809503632e-01,1.607063540043754679e-01,9.882049143934940050e-02,1.244069424518375877e-01,1.019380850092250768e+00,3.268078505966173219e-01,2.148750773373678813e-01,5.101834610044380103e-01,-5.946697501239779637e-02,-1.061107556943633422e-02,5.410251119422349042e-01,8.301271949514121840e-01
1.977590559778266144e-01,2.389453537546872286e-01,4.237076042672332510e-01,3.226541283858405107e-01,6.320777352882533950e-01,3.567202881712610574e-01,1.725290017907669116e-01,1.596100413666206030e-01,9.092785386540377934e-02,1.399223272859963785e-01,1.020776814042093861e+00,2.744463535147856348e-01,7.569276697478521942e-02,5.832644537234796811e-01,-7.242405342882728136e-02,-2.190646263995672111e-02,5.612195862739504104e-01,8.151901787723621062e-01
2.046239514757642319e-01,2.414706143279543027e-01,4.281056681964405253e-01,3.195548284697565244e-01,6.183674206272237184e-01,3.437182970564572893e-01,1.715644106807834302e-01,1.586674892671202652e-01,9.080071014826855691e-02,1.490111033250294537e-01,1.014739388461903813e+00,2.245795408977206420e-01,-6.140219480923297252e-02,6.335503883110690238e-01,-8.661490938993332556e-02,-2.615635574644121011e-02,5.824359943081495183e-01,7.976212552340397055e-01
2.082516751083162976e-01,2.418047872310941371e-01,4.291558526727189959e-01,3.166810440097791446e-01,6.208204137475111795e-01,3.288394023046930514e-01,1.707505048982894125e-01,1.593214840898295737e-01,1.053445194787111516e-01,1.483537579633902870e-01,1.003194541441224441e+00,1.683853634047465242e-01,-1.908065713475102232e-01,6.502272570257516815e-01,-1.015442471595069951e-01,-2.325437826763642607e-02,6.035300075834488798e-01,7.785643099529206967e-01
2.107923117354087716e-01,2.430886877255195588e-01,4.273512164887383058e-01,3.171894788562741874e-01,6.075360157774465364e-01,3.145842628031148003e-01,1.788711114586390982e-01,1.585496061877917917e-01,1.336491303468468061e-01,1.438747934099724457e-01,9.845413977967716335e-01,1.080416030277787792e-01,-3.118759832635503715e-01,6.242271550108963174e-01,-1.172822356765420432e-01,-1.360791983820052245e-02,6.231865927157786977e-01,7.593173733613142184e-01
2.123591316202225465e-01,2.433700695105253109e-01,4.230259325476381504e-01,3.227894376595044634e-01,6.040958800015649999e-01,2.940613312271540547e-01,1.783565261906139010e-01,1.575158228355937884e-01,1.712529586219496136e-01,1.388050919898340119e-01,9.574476888777713190e-01,3.763197588801658194e-02,-4.135687421028702015e-01,5.658015523197924557e-01,-1.336871723691519798e-01,2.095255384828694813e-03,6.398231918512645722e-01,7.411610879767525084e-01
2.126794660749194987e-01,2.410887756579555286e-01,4.140499048594656339e-01,3.317746909799721977e-01,6.052219196767157916e-01,2.757981670284074815e-01,1.791063650821685671e-01,1.564974155372212405e-01,2.142553338147133446e-01,1.338961594795954335e-01,9.257046675124923629e-01,-2.791748864847391765e-02,-4.908043846206608940e-01,4.839468662508925600e-01,-1.504038189705330097e-01,2.266324158600143204e-02,6.525152269884614276e-01,7.251540850872362221e-01
2.137706533613991933e-01,2.366650849723724581e-01,4.050426125285148671e-01,3.367857469216876121e-01,5.997424066284515742e-01,2.719587663881916639e-01,1.780336290602793914e-01,1.545723335982743807e-01,2.659532529831062919e-01,1.288121389612165435e-01,8.937382188384613846e-01,-8.126053523867426964e-02,-5.494936871796847200e-01,3.845783893301103484e-01,-1.676079276400083418e-01,4.680726539179547174e-02,6.608021167755151470e-01,7.118415470791666921e-01
2.127332822633085929e-01,2.322613831567624798e-01,3.932307279798011312e-01,3.360681977431664302e-01,6.003067078038457627e-01,2.705595454900753261e-01,1.772151104616377371e-01,1.537225503568543372e-01,3.226107152675877221e-01,1.269899102696148141e-01,8.644312217172921420e-01,-1.273620794409071610e-01,-6.006756946267263197e-01,2.682283679073996785e-01,-1.855798322131107791e-01,7.349373565075049963e-02,6.642567344106292682e-01,7.014748759703125502e-01
2.107205568175566923e-01,2.301825406795611206e-01,3.844812408179903440e-01,3.376416805846378377e-01,6.131892782339383174e-01,2.644772911318533093e-01,1.767200015284581260e-01,1.545077541722074954e-01,3.853446103309142723e-01,1.260422328470999220e-01,8.285858774585205255e-01,-1.770876793467468513e-01,-6.214558830906797837e-01,1.540348694646961614e-01,-2.034708875408141049e-01,1.021788793421140457e-01,6.627716104876724135e-01,6.942244633059089232e-01
2.088513412075090059e-01,2.246138465191092337e-01,3.671667791402742909e-01,3.406784512151649902e-01,6.275443620853820015e-01,2.659877321526404326e-01,1.777425091078508324e-01,1.539644669370414665e-01,4.423279555408685115e-01,1.246550084848034173e-01,7.910575947706862676e-01,-2.327797916776578324e-01,-5.862658296637817124e-01,3.547523260736792916e-02,-2.199094164959081721e-01,1.306963543094220859e-01,6.569357555576291752e-01,6.904739367760488467e-01
2.067084318393682674e-01,2.214161398585423601e-01,3.672298209609587416e-01,3.430181740722715311e-01,6.343016252065415417e-01,2.634224938394272297e-01,1.773345311463487561e-01,1.550407907048232115e-01,4.973526456163298581e-01,1.274298522190029925e-01,7.656538357012664386e-01,-2.407214095044303281e-01,-5.337170770366435057e-01,-8.838010122155093296e-02,-2.350653970477309396e-01,1.567889612967242607e-01,6.466883680554434966e-01,6.903623535438715431e-01
2.070928331850045989e-01,2.186874028396518232e-01,3.544415569943286659e-01,3.402540721295824744e-01,6.268503895227265366e-01,2.481822618227648436e-01,1.751239671413760135e-01,1.547327570931866236e-01,5.448048040278212767e-01,1.381418214840952341e-01,7.394785734938901234e-01,-2.529830127614254853e-01,-4.652584323783342524e-01,-1.983013093229246682e-01,-2.494084949875093604e-01,1.796323625748819930e-01,6.323059121839040841e-01,6.938105033053805215e-01
2.064680528645636282e-01,2.175598255591185137e-01,3.474685165844853540e-01,3.423744299521125911e-01,6.317240860502678634e-01,2.487019724420652111e-01,1.768886255854106304e-01,1.555369247082578898e-01,5.814645099668689365e-01,1.463799443352427898e-01,7.178524887975109570e-01,-2.792888920667344066e-01,-3.709849585447024256e-01,-2.855851945521867274e-01,-2.616677291954060403e-01,1.986201590964310482e-01,6.152177825780631437e-01,7.004799460881153683e-01
2.067468719739319061e-01,2.204951142343976600e-01,3.518676055839477512e-01,3.414621174251356583e-01,6.385285024031588375e-01,2.516044588691833672e-01,1.787839804869615357e-01,1.573195218817554641e-01,6.085279018985602084e-01,1.585549798071052008e-01,7.044795866935319451e-01,-2.960633539656180035e-01,-2.638690588126627046e-01,-3.547164170691088914e-01,-2.713394046777257151e-01,2.130482080575013815e-01,5.965181294227100972e-01,7.097490541662548891e-01
2.050063026808904842e-01,2.203992701655523023e-01,3.425466417549576370e-01,3.465608168736561412e-01,6.471088529728896699e-01,2.604154502462959764e-01,1.797803487748509399e-01,1.589760354138843590e-01,6.242277068428160325e-01,1.704257591294580099e-01,6.963665337590848603e-01,-2.928434397889110863e-01,-1.383747983610282284e-01,-4.024470845155090348e-01,-2.777931654546929585e-01,2.224709427984705723e-01,5.772482547298470879e-01,7.211478596958789122e-01
2.040068591822360167e-01,2.242827488267344349e-01,3.485930186542535725e-01,3.448996905253796097e-01,6.593994453307022718e-01,2.700803251458487875e-01,1.792739640688660041e-01,1.613490730542794238e-01,6.273431476103353832e-01,1.810780819439485878e-01,6.930890896766448428e-01,-3.260843832898093209e-01,-1.612060959480131686e-02,-4.525708778309270874e-01,-2.804930313298480971e-01,2.268668052270911561e-01,5.578871114337197179e-01,7.345856512482918932e-01
2.018408857333570672e-01,2.324366701703726446e-01,3.672810744737101674e-01,3.532975785897149446e-01,6.522782822690069704e-01,2.770251761236787735e-01,1.799356469184880125e-01,1.623531293690815558e-01,6.162629306394589168e-01,1.899128174297154414e-01,7.019081729067486730e-01,-3.305654084889956268e-01,1.121604539722780430e-01,-5.027748605798646464e-01,-2.786553918362060789e-01,2.264989278360609593e-01,5.385621346090098127e-01,7.509307209275621897e-01
1.992023548969092117e-01,2.401129087751667224e-01,3.849748121457874372e-01,3.660955807237676884e-01,6.594553116596014730e-01,2.899974402010866426e-01,1.811160153171553766e-01,1.641736541420152906e-01,5.959196890168230176e-01,2.038504845187787129e-01,7.182291798336368771e-01,-2.947539971026419403e-01,2.417032894637613782e-01,-5.151699660256312541e-01,-2.741643419274283899e-01,2.200412856817707263e-01,5.202622237869778399e-01,7.685839541568004751e-01
1.961876232768652306e-01,2.468537707722456842e-01,4.077190709643987443e-01,3.702952935586266703e-01,6.749764129261420775e-01,3.057363688968211535e-01,1.804317809219226632e-01,1.658296551390166795e-01,5.671394865823005116e-01,2.312257859111079283e-01,7.348995233813915284e-01,-1.973895951179232278e-01,3.500058386014408551e-01,-4.855121023090139820e-01,-2.695668185271773432e-01,2.072114312666151759e-01,5.038847807454366334e-01,7.851977361944841860e-01
1.926408801944605453e-01,2.505558119982874143e-01,4.256583129625557405e-01,3.742782040345467576e-01,6.929448694265675224e-01,3.012332352664732760e-01,1.784626209620095438e-01,1.570996443120515063e-01,5.330958798917865282e-01,2.578983158370351525e-01,7.509362715201060023e-01,-9.338676375144490394e-02,4.237392516703948342e-01,-4.302350363867589733e-01,-2.663832976941596931e-01,1.893026777575200215e-01,4.903043386302449180e-01,7.997534912253911887e-01
1.868435953671369332e-01,2.519637459935715196e-01,4.394516583142429322e-01,3.750546947527321762e-01,6.839165631553885127e-01,3.004987724287440654e-01,1.745832425818475697e-01,1.500522863087184744e-01,4.986866918103332602e-01,2.865102441791317345e-01,7.660030241935306128e-01,2.248806918747012218e-02,4.808941602611124244e-01,-3.685442477371124181e-01,-2.653753948781863437e-01,1.672541973340236354e-01,4.796962013755928234e-01,8.119152234083381048e-01
1.824726957996878896e-01,2.521887489145506756e-01,4.448117506777960473e-01,3.727672504786321839e-01,6.702610897530029144e-01,2.991308161734061444e-01,1.737554983509106143e-01,1.550295149320178589e-01,4.607089375663509512e-01,3.210813368231040243e-01,7.751391026329580436e-01,1.308491081454777605e-01,5.152957576919490190e-01,-3.099525383622895314e-01,-2.669488865089496565e-01,1.413635757166356310e-01,4.716830469767474554e-01,8.212132443752038213e-01
1.789982201702628450e-01,2.516721135060154269e-01,4.542095947759134944e-01,3.717016899485282577e-01,6.618360373269092101e-01,3.029010245714074401e-01,1.728190966729404865e-01,1.502619131758721749e-01,4.230552887046115096e-01,3.619438462243317334e-01,7.771856474049269048e-01,2.456001875119118161e-01,5.323047296237488624e-01,-2.527359455919414577e-01,-2.713528418054976243e-01,1.120952162994795775e-01,4.657753125896476054e-01,8.274359582707719873e-01
1.788777744152967863e-01,2.523809495873688413e-01,4.640072162734926731e-01,3.719195173777221086e-01,6.569054494002137812e-01,3.045334489525431954e-01,1.725002998236260521e-01,1.587259182716569961e-01,3.855221177728953008e-01,4.062949817189459578e-01,7.762763846666570489e-01,3.567467077815150711e-01,5.349897538428035615e-01,-1.892916739859799302e-01,-2.787715084086792028e-01,7.982949129942693012e-02,4.618692948238640184e-01,8.301113069684641355e-01
1.806501208862441032e-01,2.569789022163070369e-01,4.820407647351125369e-01,3.786860061311768111e-01,6.660275495997279860e-01,3.118934533836604239e-01,1.746944627045183274e-01,1.688572001372485309e-01,3.460547329260967309e-01,4.495190066772318804e-01,7.688119375063023897e-01,4.596870291538597275e-01,5.191836234137965356e-01,-1.415278512930285282e-01,-2.891123636651413698e-01,4.535289330269515196e-02,4.594920190791269565e-01,8.291606945915153126e-01
1.854269482746850883e-01,2.603344696961485960e-01,4.913012494190558410e-01,3.757676311151057491e-01,6.678280855026885732e-01,3.189807891269395568e-01,1.760147531929973086e-01,1.789387660954711023e-01,3.083768897259509534e-01,4.938473303670630199e-01,7.558823843095688888e-01,5.472175409513226896e-01,4.941022852244718599e-01,-1.072706609327194333e-01,-3.018623328259683603e-01,9.088270934311528174e-03,4.579922769493013357e-01,8.247289808538244005e-01
1.892294463857198406e-01,2.618859135271369154e-01,4.974040051823784281e-01,3.789966024184510118e-01,6.690048661554632847e-01,3.265950109813042790e-01,1.781146096104267440e-01,1.882412786598706422e-01,2.690480051224782843e-01,5.408968752369931465e-01,7.363063994716181337e-01,6.225923039500490530e-01,4.502377838867278048e-01,-8.533169109428057064e-02,-3.165036729148962280e-01,-2.809731341165059779e-02,4.567788348743513360e-01,8.171273222254613611e-01
1.917367682295238185e-01,2.594529092768225742e-01,5.006027369132003413e-01,3.837324269966907453e-01,6.767579850293846677e-01,3.417142847078731283e-01,1.821267345886151690e-01,1.960164365442751411e-01,2.310085306274594352e-01,5.856715104061194221e-01,7.087520105988812658e-01,7.071469946816282270e-01,3.908045260612331706e-01,-6.067090682965034509e-02,-3.333797836665805536e-01,-6.539155078066524740e-02,4.554340978618486857e-01,8.065280187569985326e-01
1.923348967233340367e-01,2.560081606847933733e-01,4.999277281502628734e-01,3.880587360080460235e-01,6.956597679970151216e-01,3.550878637901253576e-01,1.874099466830411453e-01,2.035901681235662286e-01,1.940323232410966492e-01,6.315926609584997520e-01,6.692301638025681676e-01,7.650182108083039001e-01,3.252957069931062262e-01,-3.299718084103725468e-02,-3.529613595877316712e-01,-1.022368552404850917e-01,4.535916465967865241e-01,7.925602651430134760e-01
1.926750919142265761e-01,2.501434134213161853e-01,4.899914018338109023e-01,3.881017889587665137e-01,7.055664313429892420e-01,3.682871809290311216e-01,1.927463342969512328e-01,2.133273104761038430e-01,1.702409810419093228e-01,6.695895669963940477e-01,6.170073941354501379e-01,8.263374624260151347e-01,2.374084596130506264e-01,-4.354227034312696532e-02,-3.756460711913767736e-01,-1.330487343910805587e-01,4.574009295961428689e-01,7.729704980683875792e-01
1.930775186680607491e-01,2.440980540549938238e-01,4.776449318411766232e-01,3.881816615285647032e-01,7.160057091338112301e-01,3.811163421839245946e-01,1.982327741067183569e-01,2.226746962446458089e-01,1.486429616328567294e-01,7.069807791723653478e-01,5.615110059522601116e-01,8.727850940765309318e-01,1.493920415435939231e-01,-5.534541500622269794e-02,-3.991043993863132577e-01,-1.626118532683665796e-01,4.609635995413809417e-01,7.524891184264215216e-01
1.935735283063541590e-01,2.381161058361389027e-01,4.631504045172827322e-01,3.884314018067278051e-01,7.268803742095353293e-01,3.932374173169527198e-01,2.037467777541519531e-01,2.313704463595211425e-01,1.292507521099094392e-01,7.436754863027164042e-01,5.037367248017793342e-01,9.020661051982905576e-01,6.415730702945260377e-02,-6.658489456022342878e-02,-4.229930659961479988e-01,-1.906567199101020238e-01,4.639320433491259665e-01,7.316334218532415390e-01
1.941944721506200511e-01,2.324415920150582071e-01,4.467699062070399907e-01,3.889840578825335959e-01,7.380931994102001292e-01,4.043124760902539472e-01,2.091658568810572938e-01,2.391526817510543634e-01,1.120768395690329156e-01,7.795828772037352028e-01,4.446802762327738412e-01,9.118854952297179572e-01,-1.538488968466339424e-02,-7.543898873502641322e-02,-4.469687928444791014e-01,-2.169138423540433180e-01,4.659586479359926203e-01,7.109207039849556597e-01
1.949717015223716154e-01,2.273185358420587165e-01,4.287655232553598816e-01,3.899726778452600184e-01,7.495469575758441083e-01,4.140035882659670596e-01,2.143675231292394012e-01,2.457595233495695752e-01,9.713371110619284376e-02,8.146121406917100627e-01,3.853373857940093905e-01,8.999482636092361876e-01,-8.632369435404746438e-02,-8.008597726052868460e-02,-4.706883017549050030e-01,-2.411137286379468891e-01,4.666958002185959131e-01,6.908682604576718012e-01
1.959365677431220976e-01,2.229909605674471884e-01,4.093993420071532219e-01,3.915303097841850155e-01,7.611444215465058560e-01,4.219728236062304516e-01,2.192292881405036031e-01,2.509290920853911588e-01,8.443385381735479811e-02,8.486724655829289699e-01,3.267037790342515735e-01,8.639594097752691937e-01,-1.457482527339887257e-01,-7.870413986662971872e-02,-4.938083145510238636e-01,-2.629868867995690529e-01,4.657958871135503554e-01,6.719933869074974364e-01
1.971204221343846874e-01,2.197028894415306299e-01,3.889334488073312723e-01,3.937900017885863635e-01,7.727883641622237398e-01,4.278822518731825730e-01,2.236286635566549774e-01,2.543995088888433287e-01,7.398975479848446390e-02,8.816730406936803544e-01,2.697751815022672028e-01,8.016239331662409207e-01,-1.907477105797807382e-01,-6.947175628322588281e-02,-5.159855530564338988e-01,-2.822638248766663471e-01,4.629112955374709015e-01,6.548133789705409269e-01
1.985546160176726582e-01,2.176983457146156875e-01,3.676299300008049609e-01,3.968848019477421718e-01,7.843815582630364602e-01,4.313939428289623179e-01,2.274431610194986020e-01,2.559088946902502437e-01,6.581390114554708237e-02,9.135230548402524242e-01,2.155473187468216478e-01,7.106468332205748695e-01,-2.184112136467123988e-01,-5.056710624021532041e-02,-5.368767390947336571e-01,-2.986750509069950876e-01,4.576944124069723396e-01,6.398455322829099678e-01
2.002705007144992277e-01,2.172213526370092851e-01,3.457508719324858815e-01,4.009477583509302168e-01,7.958267766889823847e-01,4.321699662357080252e-01,2.305502921708399433e-01,2.551953704199363404e-01,5.991877995450867189e-02,9.441316968389332764e-01,1.650159163166814991e-01,5.887331093766945411e-01,-2.258279076900748250e-01,-2.016846946749684122e-02,-5.561385944895211875e-01,-3.119510729283118122e-01,4.497976246386695132e-01,6.276071424807125876e-01
2.022994275463775860e-01,2.185159334590184577e-01,3.235583609472848510e-01,4.061119190874282747e-01,8.070267922800999916e-01,4.298723918555582557e-01,2.328275686524837740e-01,2.519970570082258332e-01,5.631687832133447369e-02,9.734081555060107860e-01,1.191766997606113487e-01,4.335877610730238252e-01,-2.100869384651619098e-01,2.354587430503385370e-02,-5.734278410643947055e-01,-3.218223989783727257e-01,4.388733191491772656e-01,6.186155052000564813e-01
2.046727478348209783e-01,2.218261114309499626e-01,3.013144833901127972e-01,4.125103322465145106e-01,8.178843778764278705e-01,4.241632894506517371e-01,2.341525021062355605e-01,2.460520753854429088e-01,5.502068334199028410e-02,1.001261619657773716e+00,7.902539462737784293e-02,2.429157877479861116e-01,-1.682774517272622172e-01,8.239764534747751057e-02,-5.884012006429526487e-01,-3.280195370949342548e-01,4.245738828551100519e-01,6.133879160770495664e-01
2.074218129013426226e-01,2.273959098031105297e-01,2.792813256058813698e-01,4.202760459174665897e-01,8.283023063180043888e-01,4.147047287831269191e-01,2.344026041739003807e-01,2.370985464819118094e-01,5.604268211244134434e-02,1.027601278110509941e+00,4.555772646574757223e-02,1.442218884000673329e-02,-9.748859323166836344e-02,1.582085639299366520e-01,-6.007153950487935656e-01,-3.302729953157529375e-01,4.065517026730831041e-01,6.124416707478002042e-01
2.105779740674557643e-01,2.354693518258071383e-01,2.577209739395010524e-01,4.295421081895625659e-01,8.381833504448683581e-01,4.011587796151221963e-01,2.334553864972834236e-01,2.248745912279571102e-01,5.939536172865367281e-02,1.052336319680507559e+00,1.976942082448579496e-02,-2.541880362124933623e-01,5.190491266328367548e-03,2.528003503225146886e-01,-6.100271461055151168e-01,-3.283132816785853114e-01,3.844591655197109881e-01,6.162940648484154238e-01
2.141725826546736211e-01,2.462904607493465736e-01,2.368955147358836333e-01,4.404415671520803821e-01,8.474302830970580347e-01,3.831875117087765736e-01,2.311883607181897671e-01,2.091183305539026649e-01,6.509120928659273275e-02,1.075375933184054889e+00,2.656203252358435574e-03,-5.652098879710891755e-01,1.426706560114383016e-01,3.679947247953125888e-01,-6.159931756367160727e-01,-3.218709042211873594e-01,3.579486583116086029e-01,6.254623940150035866e-01
2.182369899845093830e-01,2.601032598240360372e-01,2.170670343399398738e-01,4.531074708942977591e-01,8.559458771146120082e-01,3.604529948262282235e-01,2.274790384784245723e-01,1.895678853900728822e-01,7.314271188222398745e-02,1.096629307437440248e+00,-4.786200701867748819e-03,-9.209383669973572051e-01,3.178627552483669905e-01,5.056134076184317649e-01,-6.182702054659943158e-01,-3.106763709813158414e-01,3.266725679653906256e-01,6.404639538836726098e-01
