1.658189333563900580e-01,1.864333223034880527e-01,2.547545789043523246e-01,3.726565994207088339e-01,4.382709469692929738e-01,1.978404171606852890e-01,1.291041842326426103e-01,1.603004148774654913e-01,-5.498289352082695869e-01,4.764659619031131887e-01,6.857413725748517930e-01,-4.046017065925711642e-01,-4.123920208048382219e-01,2.614620904500351561e-01,-7.933298343536443475e-02,-3.839230264041140761e-01,4.198111885231713969e-01,8.152054920474023358e-01
1.585440059877994967e-01,1.718490410340285379e-01,2.216108994383638731e-01,3.235744191250685131e-01,2.923881339229079668e-01,1.662261500524833124e-01,1.444199473450823168e-01,1.562458436997092581e-01,-6.021370327594007810e-01,4.771564898870109817e-01,6.423353425835843789e-01,-1.895739034056648231e-01,-1.572424775827845900e-01,1.367448846263300544e-01,-7.300259941341226411e-02,-4.135305222319816121e-01,4.189935046484836167e-01,7.982083118680955991e-01
1.523906939102442626e-01,1.602502467332195812e-01,1.958705147785646528e-01,2.846141443170990271e-01,1.782849295556769298e-01,1.433133726988567447e-01,1.563242088132496266e-01,1.527900077669067935e-01,-6.466516459568159014e-01,4.806563773847895016e-01,6.090868815177756801e-01,-1.989199702194360819e-02,4.046964658357221634e-02,3.595235520121087269e-02,-6.825099683056347344e-02,-4.390880738977918640e-01,4.179028897130672715e-01,7.852165912455399965e-01
1.473479550066388866e-01,1.514594213521900656e-01,1.769936123764619673e-01,2.551214523023550007e-01,9.383121526580284755e-02,1.284723037932307965e-01,1.651772582199438899e-01,1.499231576057133974e-01,-6.835338131011577945e-01,4.863129621496219968e-01,5.851985684538179022e-01,1.077888242401897068e-01,1.851456547888334359e-01,-4.249262120886970751e-02,-6.490255066318861843e-02,-4.605716037627760606e-01,4.166461021873532622e-01,7.758674250585856358e-01
1.434047471598979273e-01,1.452990468420688464e-01,1.644403796835630094e-01,2.344420203863911700e-01,3.689687245148909334e-02,1.210731620290305399e-01,1.713393851479643182e-01,1.476355437427843420e-01,-7.129445724930689732e-01,4.934735819346818264e-01,5.698729824681032508e-01,1.968133720623325700e-01,2.811868501276006405e-01,-1.001671679874591159e-01,-6.278163588765824088e-02,-4.779570341881654305e-01,4.153299005417724343e-01,7.697979081860825135e-01
1.405500282529359435e-01,1.415916051539848064e-01,1.576710041513750826e-01,2.219215258747622432e-01,5.351782510938873916e-03,1.204861660996811162e-01,1.751708791801102338e-01,1.459174167047748993e-01,-7.350449624331920617e-01,5.014855744931422388e-01,5.623127026370240422e-01,2.505264581260821521e-01,3.329945356944749579e-01,-1.386484085181045045e-01,-6.171262748034286871e-02,-4.912202875351912579e-01,4.140610432467557445e-01,7.666451355068805151e-01
1.387727561686675215e-01,1.401595782390668010e-01,1.561456732314053797e-01,2.169056460730228730e-01,-2.934173157644659469e-03,1.260815346986076668e-01,1.770320298991809316e-01,1.447590270183403693e-01,-7.499960212221697953e-01,5.096962775781764821e-01,5.617203080369724821e-01,2.722728941130356239e-01,3.449700145840576826e-01,-1.595134661843533586e-01,-6.151990041761305761e-02,-5.003372861650847714e-01,4.129462887727340381e-01,7.660462018998298594e-01
1.380618887900072200e-01,1.408254480484437132e-01,1.593245743751612320e-01,2.187400582867277954e-01,9.908886843941699940e-03,1.372294865192352498e-01,1.772831268879756506e-01,1.441506252101359964e-01,-7.579587871606447980e-01,5.174530289429577490e-01,5.672983777443408870e-01,2.653974917047906001e-01,3.215145898909501088e-01,-1.643394643697529411e-01,-6.202782967583933549e-02,-5.052839524390771997e-01,4.120923955901382163e-01,7.676382022437805430e-01
1.384063839998696255e-01,1.434116965332444260e-01,1.666678950341498322e-01,2.267704398214316908e-01,4.175084391390110339e-02,1.533002402549891174e-01,1.762844597292937132e-01,1.440824618068171081e-01,-7.590942985492596939e-01,5.241031663406595653e-01,5.782494908355214625e-01,2.332450625829440294e-01,2.670295647097537528e-01,-1.547035264578507374e-01,-6.306079023139224415e-02,-5.060362087183998270e-01,4.116061221693992356e-01,7.710582314175826735e-01
1.397951996811692410e-01,1.477408056445978224e-01,1.776358226598784562e-01,2.403424679826892674e-01,9.046157945043681314e-02,1.736640145992942585e-01,1.743963180059343587e-01,1.445447873350389767e-01,-7.535635936886571074e-01,5.289940275244549017e-01,5.937762263869064139e-01,1.791604184290933044e-01,1.859162421350697980e-01,-1.321827758321940105e-01,-6.444315706064232541e-02,-5.025699773642839929e-01,4.115942269809479415e-01,7.759433843000861364e-01
1.422172937168206808e-01,1.536352573336327576e-01,1.916885447038543244e-01,2.588018200760551779e-01,1.539109748517522025e-01,1.976910282455759393e-01,1.719789913006969650e-01,1.455278523214568465e-01,-7.415277108794797734e-01,5.314729502475172840e-01,6.130811634748880579e-01,1.064883709248359289e-01,8.257592526149959422e-02,-9.835433587633007901e-02,-6.599930513996013492e-02,-4.948611807379607042e-01,4.121634684952152350e-01,7.819307557701410394e-01
1.456616239897385034e-01,1.609175335514780869e-01,2.082862486175847128e-01,2.814941734070841584e-01,2.299689115160504782e-01,2.247514998872591208e-01,1.693927691963807436e-01,1.470219072927260728e-01,-7.231476884223704271e-01,5.308872722630197938e-01,6.353668811758587109e-01,1.857373175176907365e-02,-3.859008281635584181e-02,-5.479532997380615056e-02,-6.755360944571620063e-02,-4.828857412006613559e-01,4.134206051826320727e-01,7.886574407065973791e-01
1.501171483828372399e-01,1.694101162492627211e-01,2.268891218525767861e-01,3.077652052813309447e-01,3.165052708415345140e-01,2.542156482177690413e-01,1.669979412757849335e-01,1.490172027755018447e-01,-6.985845646179714707e-01,5.265843313241358459e-01,6.598359585662104676e-01,-8.123868740851031278e-02,-1.731804790038942721e-01,-3.082881508169765805e-03,-6.893044495428105045e-02,-4.666195811136172322e-01,4.154723955136292446e-01,7.957605339883052631e-01
1.555728247790315044e-01,1.789354873781154875e-01,2.469573518603379869e-01,3.369605930043502173e-01,4.113899342264074610e-01,2.854536919305308285e-01,1.651547971217089406e-01,1.515039892964394896e-01,-6.679993777669256394e-01,5.179114651840386330e-01,6.856909747223358664e-01,-1.896040748744038384e-01,-3.167939602065152904e-01,5.520588613703186764e-02,-6.995418664202525394e-02,-4.460386228380595064e-01,4.184255979586377627e-01,8.028771304941146880e-01
1.620176110612358000e-01,1.893161288891652971e-01,2.679511260923753690e-01,3.684260138816964902e-01,5.124927830688732477e-01,3.178358497189696097e-01,1.642236263169519206e-01,1.544725173821943354e-01,-6.315531661698757793e-01,5.042160115959015698e-01,7.121345087206267799e-01,-3.031776189643163866e-01,-4.650292233296168809e-01,1.184938495782510981e-01,-7.044920948531932514e-02,-4.211187887352194625e-01,4.223869709880884171e-01,8.096443251028757615e-01
1.694404651123607441e-01,2.003745227335362866e-01,2.893306320001894361e-01,4.015071452189153955e-01,6.176836987671185941e-01,3.507323402765017417e-01,1.645647184443093380e-01,1.579130375594179903e-01,-5.894069681274511918e-01,4.848453083128869689e-01,7.383691396374588711e-01,-4.186145079966366866e-01,-6.134849652785826501e-01,1.852038854319374428e-01,-7.023988846053229318e-02,-3.918360011663198916e-01,4.274632730724025054e-01,8.156992126934199394e-01
1.793682705323287885e-01,2.094889349061378192e-01,3.073923698938226257e-01,4.278545259839580117e-01,7.098990189096403558e-01,3.735299027483746648e-01,1.672222130804752738e-01,1.621952685498068980e-01,-5.327406181268204977e-01,4.435419188144554270e-01,7.538046337786759032e-01,-4.989515429459873141e-01,-7.036685577020774796e-01,2.513715135685811175e-01,-6.595042873330461686e-02,-3.510878685672612631e-01,4.363645172820742602e-01,8.160334905660362459e-01
1.954090824181697605e-01,2.227015779583502997e-01,3.233111984193149380e-01,4.635838622581651136e-01,8.033726127902119929e-01,3.967267300845818689e-01,1.692369886667372259e-01,1.653299333896894041e-01,-4.699650989261950351e-01,3.929238571581969985e-01,7.670525153421553499e-01,-5.729167122898383147e-01,-7.831378284244130406e-01,3.160885721310235374e-01,-6.017261239513745780e-02,-3.050011748334985340e-01,4.470496077210689423e-01,8.142238421394861758e-01
2.070323540399577888e-01,2.343925042169703876e-01,3.360092562035021935e-01,4.899076664073421239e-01,8.758332915129181107e-01,4.197882481471250649e-01,1.852819008335983009e-01,1.718862827408629279e-01,-4.031561860084343918e-01,3.333420893796060214e-01,7.778973065874782433e-01,-6.289991973575531636e-01,-8.512693266300397354e-01,3.767864657892621705e-01,-5.304040378598138400e-02,-2.544290129221274399e-01,4.594345224683729634e-01,8.102311584713881576e-01
2.179150124024865354e-01,2.447021483069372061e-01,3.459165602183696397e-01,5.214757299812537994e-01,9.584626671655245289e-01,4.417129632968396780e-01,2.086314636378049925e-01,1.785902422087607966e-01,-3.327238499690235995e-01,2.662879248723267755e-01,7.864810628444302010e-01,-6.743714362859772882e-01,-9.111507861107417394e-01,4.284330872893059028e-01,-4.492623137879812878e-02,-2.001906973976940174e-01,4.733780176686547825e-01,8.040947590750636698e-01
2.315192322921205692e-01,2.549446502951995264e-01,3.570847006469242690e-01,5.499977972923433267e-01,1.043390762865036514e+00,4.648180468452215996e-01,2.297263844160726542e-01,1.860922188701997493e-01,-2.601664116221246159e-01,1.940234849011483464e-01,7.925587300282957992e-01,-7.187664215685425351e-01,-9.590196922097063981e-01,4.766865281580735525e-01,-3.592841920548856677e-02,-1.428959270103469237e-01,4.886093686186783192e-01,7.958323050223915507e-01
2.482145515357983279e-01,2.689942632106441800e-01,3.642186770868073853e-01,5.708569519119539581e-01,1.115739196394816668e+00,4.809106247789416422e-01,2.538995911701961150e-01,1.950718343042647795e-01,-1.862583860539445135e-01,1.169536543128702200e-01,7.956409899888580162e-01,-7.567495566791694328e-01,-9.958275233977326168e-01,5.250949505281626850e-01,-2.590367529853303263e-02,-8.314850845748743280e-02,5.049432650870920858e-01,7.853040452096646806e-01
2.619110277483850946e-01,2.797549382128242668e-01,3.697571316747357839e-01,5.964862709633479421e-01,1.186161522915395450e+00,5.047578591919654745e-01,2.895766488613966683e-01,2.027121954501327761e-01,-1.140402609591438798e-01,3.354011757065857025e-02,7.936736940192201661e-01,-7.878199881093230772e-01,-1.024158075749088681e+00,5.727355150121740124e-01,-1.482418687233989264e-02,-2.151548489491576094e-02,5.223701232095838698e-01,7.722346227936489615e-01
2.765592816927675002e-01,2.923376755933206894e-01,3.729973787508864547e-01,6.162680767449217889e-01,1.249462173839151591e+00,5.195608987448574467e-01,3.332579676390010071e-01,2.112961337657561778e-01,-4.248920833754574189e-02,-5.525443753791964285e-02,7.863731264694174827e-01,-8.103146663160392116e-01,-1.040559899112812214e+00,6.055196651328450530e-01,-2.906487727048425070e-03,4.138774637975092818e-02,5.407314145840915742e-01,7.567787085755913745e-01
2.880636451649720708e-01,2.989760305648966332e-01,3.733438524970866812e-01,6.296134663951606925e-01,1.292214778965698141e+00,5.429201997164868621e-01,3.718554504867827015e-01,2.191912248699991739e-01,2.969435341667445855e-02,-1.440910117934035006e-01,7.733383525887169707e-01,-8.106476507357227579e-01,-1.035360803972535493e+00,6.256431373843762689e-01,9.467529089925572766e-03,1.045280251112997438e-01,5.597277640622273509e-01,7.395756309798213746e-01
2.982364423758923078e-01,3.062335279705108437e-01,3.715171773026227919e-01,6.406765371225747741e-01,1.326143579336944489e+00,5.634513318544878135e-01,4.032425891606816748e-01,2.251863482565436836e-01,9.869058265496793991e-02,-2.344421022569214974e-01,7.565392359091996921e-01,-7.972553544360381217e-01,-1.001210679724013675e+00,6.223397292645268530e-01,2.213445736953969373e-02,1.665640566864284855e-01,5.789496656738752911e-01,7.215047578610424006e-01
3.066983973311671052e-01,3.109498762139050188e-01,3.673195146082738338e-01,6.531157646673668715e-01,1.356282694975344372e+00,5.837292716394963943e-01,4.306545053855732608e-01,2.315105191949528574e-01,1.663484699697858615e-01,-3.219521848771287886e-01,7.394880043482485732e-01,-7.610574255741076044e-01,-9.364951632660619696e-01,5.959611507475106595e-01,3.485740086629629531e-02,2.258456052039126138e-01,5.977360735631986888e-01,7.035913183040772845e-01
3.131901672562737438e-01,3.150645082175965173e-01,3.655164160296756060e-01,6.586116788397116117e-01,1.372306593201977121e+00,5.998392757675519160e-01,4.521220392015444234e-01,2.355518586754096200e-01,2.304942281196226128e-01,-4.044680622882655396e-01,7.236106919620117761e-01,-7.109082976849127045e-01,-8.458655721937751171e-01,5.501469887321630559e-01,4.763401375907852509e-02,2.809174902407314822e-01,6.153364873563382798e-01,6.866838801073560372e-01
3.180325991410365982e-01,3.162459016865188932e-01,3.597201562726070612e-01,6.620779539070964503e-01,1.372464454021251834e+00,6.074960380375002966e-01,4.685359766602164577e-01,2.384046291951588126e-01,2.905556856892693163e-01,-4.790523936792032700e-01,7.073543184820090257e-01,-6.436520539281131992e-01,-7.338445685275902797e-01,4.884372542273441864e-01,6.001691443339796789e-02,3.304680989099667010e-01,6.310878550018441668e-01,6.714733392925236188e-01
3.216551974223135768e-01,3.161915729630022653e-01,3.507610422436425734e-01,6.554770139998291612e-01,1.377726139640321978e+00,6.098916272235060942e-01,4.811048755922698872e-01,2.393446186190215930e-01,3.434900343026263680e-01,-5.455365099479093649e-01,6.908038109736668320e-01,-5.600533578304844884e-01,-6.049603218039821817e-01,4.115256739532546781e-01,7.161030217162747680e-02,3.732312269752283695e-01,6.444361280637365130e-01,6.584739332850387816e-01
3.226100503648742235e-01,3.140809533078949833e-01,3.397338489751546842e-01,6.477110817477198523e-01,1.368248340062312218e+00,6.099685074926333161e-01,4.891081116084186053e-01,2.387572533628892213e-01,3.902979320456984036e-01,-6.023773060660696510e-01,6.758068762482146719e-01,-4.588441588993386611e-01,-4.587164946775678098e-01,3.201251407859087017e-01,8.211297223176197702e-02,4.081885465796226686e-01,6.548201053559689067e-01,6.481134360638287628e-01
3.192713965442406931e-01,3.073154896246952927e-01,3.242942407938889104e-01,6.374644794784374291e-01,1.324508079745043698e+00,6.049815407019111246e-01,4.922817291179922838e-01,2.381780886687971388e-01,4.279624930478210798e-01,-6.468789402208113826e-01,6.627968398441295150e-01,-3.434642313516368395e-01,-2.917016215638239540e-01,2.171859209167718019e-01,9.119155214550610233e-02,4.340832602867574774e-01,6.617569622716602540e-01,6.407446074770800637e-01
3.128226795698452745e-01,2.990908384334600156e-01,3.073559798997689274e-01,6.199465413550977466e-01,1.279094392236438171e+00,6.015588311203651228e-01,4.914729486867733810e-01,2.353673460295041264e-01,4.528611829589591076e-01,-6.795430746125590282e-01,6.558008247010413960e-01,-2.241165790995302276e-01,-1.014190352922098720e-01,1.087184767489016851e-01,9.892403297073285029e-02,4.496384326415511778e-01,6.650217753734427584e-01,6.365484137135206666e-01
3.101410957826862269e-01,2.966322074267699893e-01,3.104255527784570146e-01,6.087527741701674877e-01,1.259694937659990632e+00,6.499928881354172239e-01,4.902520900130324377e-01,2.349240031442035859e-01,4.615309031815548191e-01,-6.976668560079221093e-01,6.597806452402767974e-01,-1.091222878248392092e-01,8.919411209203070845e-02,1.511262400944825930e-03,1.051928958723265112e-01,4.540996433127106879e-01,6.649292571556892906e-01,6.356927324619436881e-01
3.008057809701256691e-01,2.846675874100568215e-01,2.935452083537463119e-01,5.905557270028704009e-01,1.200638590127187433e+00,6.620487394048281127e-01,4.811976444503501260e-01,2.295444344458048014e-01,4.578237380232982323e-01,-7.070389526873130936e-01,6.752483820406355308e-01,1.519732960611916775e-02,2.418437311227412401e-01,-1.244174309158008751e-01,1.106028117555301477e-01,4.492450656938212217e-01,6.614894479653018466e-01,6.396334586288139334e-01
2.888406484182849954e-01,2.690952326307646802e-01,2.556053080745664952e-01,5.693142211781333506e-01,1.169277590744791873e+00,6.646401170095446176e-01,4.667969449725576370e-01,2.252739917633487521e-01,4.441375439250580537e-01,-6.946898661075276982e-01,6.916105193428143671e-01,1.749932811476532235e-01,3.739852329817967003e-01,-2.838356770074195179e-01,1.127546676472247766e-01,4.351153799502019970e-01,6.530263528628630354e-01,6.493488863392250510e-01
2.779277504832328716e-01,2.664259496866658861e-01,2.649103833146036480e-01,5.646993548899871262e-01,1.144556996474482169e+00,6.708038644530414096e-01,4.478295575086052027e-01,2.201455652774323701e-01,4.144237856614577109e-01,-6.549063254468199258e-01,7.088294818579823353e-01,3.481788853811733087e-01,5.052273574717768279e-01,-4.378025837242015550e-01,1.107670505500203545e-01,4.108904919311083259e-01,6.384162032683897703e-01,6.648361191911467127e-01
2.588916833121935324e-01,2.622293120625719953e-01,2.804258466947415762e-01,5.605180933197188020e-01,1.100857226432287339e+00,6.706654799686123658e-01,4.357819068012346309e-01,2.141796563931563091e-01,3.767500900621816307e-01,-5.974202811362234744e-01,7.329149951176641142e-01,4.450465094192257998e-01,6.168110643645106084e-01,-5.513266986675944281e-01,1.052653210334240641e-01,3.778358429423274156e-01,6.193654005247847261e-01,6.851890130115337874e-01
2.478819162380410113e-01,2.561081050346588062e-01,2.906950005096346490e-01,5.570779575438372655e-01,1.046204580715094146e+00,6.724475646069825174e-01,4.149514541487647201e-01,2.069857133433539720e-01,3.346090333166826247e-01,-5.256419004860076738e-01,7.633188845402543166e-01,5.334079952365667898e-01,7.135916696491558797e-01,-6.122669230315238575e-01,9.714215141587398405e-02,3.382476822699064245e-01,5.977869414119217906e-01,7.089132204090828893e-01
2.332531386285042474e-01,2.505650376305826876e-01,3.117304672131105403e-01,5.604027729160279137e-01,1.040226370987757720e+00,6.683488211922441469e-01,3.876779224083022890e-01,2.016676488602570094e-01,2.915208916630785962e-01,-4.561668208520725520e-01,7.967887397771329372e-01,5.818742465250594798e-01,7.838815633902425084e-01,-6.320254672703489174e-01,8.722911905005539812e-02,2.941195347810484639e-01,5.756422571532748833e-01,7.338057994170921194e-01
2.215734881426895120e-01,2.439753734961206955e-01,3.301719936362323971e-01,5.684454741369953101e-01,1.076787039238794375e+00,6.650680838410197859e-01,3.573266172271114538e-01,1.951948427348684234e-01,2.446165128235862629e-01,-3.821793489767582042e-01,8.286769271728495756e-01,6.136218821272980684e-01,8.397412143590425870e-01,-6.241390347542814521e-01,7.532128683616695630e-02,2.469079013175593806e-01,5.536519352431439334e-01,7.582216261036505145e-01
2.112653816581052391e-01,2.392062341345924659e-01,3.419362124180870821e-01,5.739921292869639702e-01,1.051359146492514052e+00,6.419624877575101918e-01,3.208566676936449591e-01,1.888532456021237427e-01,1.938013907498186139e-01,-3.060546776247527467e-01,8.544192588513553899e-01,6.475858523337212347e-01,8.976766481227261840e-01,-5.973446387763639009e-01,6.205432087421237919e-02,1.971840614184428853e-01,5.317794914275602025e-01,7.809883732613240870e-01
2.062640638838126317e-01,2.360659314083072280e-01,3.595064291244332022e-01,5.889894196531840764e-01,1.070787815571229817e+00,6.209511102050275788e-01,2.833734362130810869e-01,1.824962724155536065e-01,1.358170911966548045e-01,-2.217279280482050141e-01,8.720282439768732852e-01,6.632776467297705203e-01,9.608772672191476794e-01,-5.523286259853052993e-01,4.779545310408290365e-02,1.446556729628984961e-01,5.103073733626762865e-01,8.011372340265046077e-01
2.050216787347159675e-01,2.387280388606208281e-01,3.709667145756714857e-01,5.918816553777520584e-01,1.049495056233741508e+00,5.976471630271698032e-01,2.509340629223935637e-01,1.769383414927795384e-01,7.299920721571784288e-02,-1.394606598082432924e-01,8.858317065520826539e-01,6.619991319566096433e-01,1.012198724972282360e+00,-4.898692083973356093e-01,3.380961471176416322e-02,9.024893745455964122e-02,4.904476170041270899e-01,8.182983995476634798e-01
1.983223320829657077e-01,2.353453070190209551e-01,3.786967693688546577e-01,5.922163408160193709e-01,1.065185806627489518e+00,5.801194867364073415e-01,2.161836687417403868e-01,1.708540369940474701e-01,6.795597143922414360e-03,-5.846359433461284505e-02,8.944480511015819868e-01,6.647405531398979939e-01,1.046763785479139619e+00,-4.193799425756576937e-01,2.015796498981397775e-02,3.446638199026227228e-02,4.727335710325283324e-01,8.322999757128185516e-01
1.956453611119542135e-01,2.339435234452671153e-01,3.898069933280001176e-01,5.866394460935272503e-01,1.051053675556514966e+00,5.430278320932651059e-01,1.801006832295478644e-01,1.651777104568174226e-01,-6.011903021981352541e-02,2.166306747080041367e-02,8.973182896557835297e-01,6.725901954488286982e-01,1.058451505564930395e+00,-3.474433015390807622e-01,6.390578649524766494e-03,-2.208002482225220053e-02,4.572795326181519071e-01,8.430904550203165426e-01
1.919176931295366595e-01,2.309175160524178094e-01,3.941983943005497038e-01,5.895901108226320186e-01,1.038866102759332666e+00,5.089960121613881228e-01,1.672524526529986511e-01,1.613254964384137347e-01,-1.246435532062110663e-01,1.010088940363006449e-01,8.927454609445895084e-01,6.838748755109274047e-01,1.058687447552016936e+00,-2.739285368568524226e-01,-8.066645396643871285e-03,-7.894066697556134660e-02,4.439405439820041099e-01,8.505470552815938001e-01
1.914507736283704020e-01,2.322219179519438292e-01,3.997911776119947858e-01,5.875312572154035573e-01,1.003857903409539398e+00,4.727059624576794850e-01,1.536220934718613151e-01,1.589293947172805144e-01,-1.933272804694565195e-01,1.760557323004055263e-01,8.835117657561226689e-01,6.568462999510558120e-01,1.052337171409387873e+00,-2.122956872759300950e-01,-2.210691666988644222e-02,-1.354735043041914722e-01,4.327589923229583913e-01,8.545153171294979089e-01
1.877564204292413719e-01,2.306489476455998999e-01,4.056807187622711308e-01,5.763636293219764895e-01,9.576723379988962837e-01,4.360986535100389028e-01,1.522464491896107219e-01,1.587956230489990517e-01,-2.646915922995186077e-01,2.430663963747543010e-01,8.700259402808474540e-01,6.392988031010184979e-01,1.030230002031135239e+00,-1.604625812828253117e-01,-3.454633624398106839e-02,-1.907761769876794578e-01,4.234913514605958551e-01,8.552300628925383341e-01
1.877015791705972381e-01,2.286234088216600735e-01,4.072552266739976057e-01,5.689180315245643271e-01,9.519606465378674942e-01,3.980178060707924570e-01,1.477827807640814672e-01,1.581226644265716907e-01,-3.374654959108527863e-01,3.107531193908564804e-01,8.513925964929269785e-01,6.315455423227601672e-01,9.812005521525530849e-01,-1.082202668480652941e-01,-4.688481847735233299e-02,-2.443869919813291269e-01,4.154086009456713913e-01,8.529550481989645050e-01
1.902417032625622340e-01,2.285470410876603298e-01,4.053916489503526233e-01,5.514129067794124595e-01,9.410923391589092191e-01,3.629952557374286903e-01,1.454164060803441183e-01,1.591087820119107821e-01,-4.086364999146684940e-01,3.724301662516346645e-01,8.302304505795388145e-01,5.633196452922348829e-01,9.151708322175116095e-01,-5.636050447733449015e-02,-5.810403200612004881e-02,-2.945080658492731929e-01,4.088950261208998405e-01,8.480719392718438776e-01
1.933943068319077530e-01,2.299124346673606101e-01,4.005522922763548044e-01,5.433240773969687520e-01,9.204438364767073555e-01,3.296143554174959522e-01,1.518056689799477388e-01,1.583328038288528972e-01,-4.797750637545394325e-01,4.215844210581104479e-01,8.066095179934588133e-01,4.820651683212029415e-01,8.433609742001393350e-01,-1.692602874026100102e-02,-6.628010489648136772e-02,-3.399342808015306527e-01,4.040972120709239723e-01,8.409296109212860415e-01
1.900853800486700940e-01,2.240828601270035692e-01,3.920770114077646307e-01,5.296762920214960202e-01,8.932974134478685047e-01,2.991728440538624079e-01,1.646180220975708985e-01,1.572026638726820302e-01,-5.502787977803492714e-01,4.576705730483260348e-01,7.803084946025706792e-01,4.028276538737642909e-01,7.572404966588350828e-01,-1.811972776642870042e-03,-7.130253313599671516e-02,-3.801202995882947966e-01,4.006377633019748696e-01,8.324005104630298746e-01
1.876995290300871866e-01,2.222295331059088719e-01,3.892806197520420342e-01,5.087351317814828855e-01,8.944982832516366056e-01,2.781999066359432948e-01,1.713399202949318356e-01,1.580375835954041519e-01,-6.161409714234107327e-01,4.877105104946040104e-01,7.546514356228968268e-01,3.261215039479082312e-01,6.508068680136358530e-01,-1.398920088792930672e-02,-7.397760641211201249e-02,-4.145076092020906211e-01,3.978495974669149504e-01,8.240538480214507633e-01
1.839949251284078435e-01,2.186833025586316925e-01,3.920549723972814316e-01,4.842702925398031932e-01,8.715572109440594684e-01,2.675694155561521015e-01,1.706567109699541340e-01,1.580432214818068282e-01,-6.720714185268830132e-01,5.118751738042152111e-01,7.321925719233319807e-01,2.436538313439311765e-01,5.292812134689722781e-01,-3.389061009279117909e-02,-7.461361915036811288e-02,-4.422027345858088321e-01,3.954745471970503856e-01,8.172216654642786571e-01
1.805296751312780446e-01,2.206852647667057465e-01,3.972367025364593185e-01,4.732225978662146781e-01,8.642346215772507279e-01,2.633691901861655582e-01,1.680315060468216271e-01,1.563667190797048689e-01,-7.171563831182208304e-01,5.236414237094125790e-01,7.179772130808053099e-01,1.404693067104426374e-01,3.985526097744152563e-01,-6.193851672105505496e-02,-7.261165032584995793e-02,-4.622423627723010187e-01,3.934535213406288312e-01,8.125834162414826700e-01
1.849159507525525159e-01,2.288304730131762166e-01,4.045690300706907827e-01,4.765217864820295302e-01,8.971711539416279413e-01,2.595774553128086803e-01,1.695091448194477601e-01,1.580601351410148570e-01,-7.452750432140338166e-01,5.273814240412205701e-01,7.117346787623708426e-01,1.302968144371441199e-02,2.526728294581411238e-01,-8.521724491100207688e-02,-6.767230242119463834e-02,-4.738053521003140478e-01,3.917361511269848995e-01,8.103910395235608410e-01
1.905728009549369772e-01,2.357025440028990282e-01,4.099962645359485069e-01,4.758257637788639860e-01,9.214202158946237509e-01,2.569799272865620487e-01,1.693958745562669232e-01,1.606827773885097510e-01,-7.597117061886770051e-01,5.155978924657329543e-01,7.098636663843499450e-01,-1.263334957455702345e-01,8.595304905373621351e-02,-9.607630413365106370e-02,-5.896383562172925058e-02,-4.753285173277586040e-01,3.902583867343666357e-01,8.103596295307746722e-01
1.933420282489012321e-01,2.394184236773836960e-01,4.038273917411764335e-01,4.738545536784407597e-01,9.388915133213592279e-01,2.486609696318639595e-01,1.702184934359287083e-01,1.619000483163582083e-01,-7.565489630207633542e-01,4.944653722728422629e-01,7.087262362220483336e-01,-2.129206801959711015e-01,-9.361345311158654481e-02,-9.340163404474860487e-02,-4.884457864200326266e-02,-4.674551705424947468e-01,3.901116325221242742e-01,8.119350793351414186e-01
2.006994700043808755e-01,2.461854249659659599e-01,4.100710946645656496e-01,4.812945135894504123e-01,9.735399130116367816e-01,2.601238177587398281e-01,1.738544176305210354e-01,1.653381339517296655e-01,-7.373370782877269880e-01,4.636247997301187751e-01,7.149559821044680907e-01,-3.121740500315501876e-01,-2.769331071564569147e-01,-9.903295904372114156e-02,-3.801763735753654894e-02,-4.501716441366124255e-01,3.911975714957406924e-01,8.149012788215607150e-01
2.072009780969102932e-01,2.501744858634161739e-01,4.096236514982449783e-01,4.932514455792507135e-01,1.021650047826099472e+00,2.602898791400546918e-01,1.777173948866025421e-01,1.691821474080931198e-01,-7.011160798930469173e-01,4.217095403510116025e-01,7.264599950070615986e-01,-4.674539485718935405e-01,-4.490832983747525264e-01,-1.058962052301693352e-01,-2.507583667380526571e-02,-4.225721271764585341e-01,3.926596677283771264e-01,8.192558124241600126e-01
2.095360881378692253e-01,2.498674773220346257e-01,3.996727819975386953e-01,4.920357122567848851e-01,1.034652551476030968e+00,2.614333450095409628e-01,1.796763041439653763e-01,1.720246672252920273e-01,-6.550648230514815040e-01,3.547409941759702146e-01,7.470181712319068357e-01,-6.472192720662035548e-01,-5.897564933289377587e-01,-1.209897732341245341e-01,-7.303908836264488662e-03,-3.835657520939963483e-01,3.935530668675720212e-01,8.260283898121166812e-01
2.147608712277584431e-01,2.536207720608278926e-01,3.990787537847487743e-01,4.964645282936431259e-01,1.044729504618105764e+00,2.866997891906542528e-01,1.838329640281130550e-01,1.752526134583823059e-01,-6.016495008658472310e-01,2.881596561678313462e-01,7.678614950165408848e-01,-6.302280343360474602e-01,-7.095860532344068217e-01,-1.133866473430738125e-01,1.101307743543563332e-02,-3.385010130726425759e-01,3.959776682543101334e-01,8.342076364758155282e-01
2.203920946737671360e-01,2.620160974495256978e-01,4.091065035545821682e-01,4.697568353339572345e-01,1.083384903935296739e+00,3.202508511729220686e-01,1.862716061648300725e-01,1.792719139283559249e-01,-5.379427465175828926e-01,2.234223711320607320e-01,7.889683889612012502e-01,-5.780909134576213138e-01,-8.414363176453500959e-01,-1.034076891833657919e-01,2.615168600820100969e-02,-2.900466050838366172e-01,4.000322118291982920e-01,8.425202156346192073e-01
2.215822012398572793e-01,2.632779589334680037e-01,4.167458396301952361e-01,5.268793878306459177e-01,1.121430386450744665e+00,3.551360420921117478e-01,1.904257033733401383e-01,1.808315583213844779e-01,-4.618372825076999533e-01,1.633307940799081925e-01,8.106066202029844625e-01,-4.894633044653035059e-01,-9.613593951731518317e-01,-8.743126635845055450e-02,3.604305379725451786e-02,-2.394638818852747875e-01,4.052643976255169145e-01,8.499785066763484442e-01
2.261340257073191640e-01,2.681941958765930445e-01,4.291440643647861375e-01,5.863365378331657496e-01,1.159264191958528700e+00,3.786998445796197488e-01,1.932912872712772567e-01,1.849313268063779714e-01,-3.800790828982872904e-01,1.125246584746914524e-01,8.308505169095519172e-01,-3.925194564052790769e-01,-1.040171068480499006e+00,-7.495277711986204905e-02,4.019596754255243265e-02,-1.885823555653080852e-01,4.113243766998289641e-01,8.558221069990216145e-01
2.298258162308106090e-01,2.808374124021362772e-01,4.777282941722001963e-01,6.482928091174494645e-01,1.189399207315908313e+00,4.083054111502761319e-01,1.975038134843240534e-01,1.877553953589863323e-01,-2.980461541074610476e-01,6.767156452244756093e-02,8.516521671806859262e-01,-2.986394395174326033e-01,-1.087711065721648662e+00,-4.425795828352940137e-02,3.971440577324891752e-02,-1.386328286505792151e-01,4.184184036918113248e-01,8.594486501743842100e-01
2.298042897554549713e-01,2.847782949976001010e-01,4.945507221275017296e-01,7.083111850845985602e-01,1.200432038470798934e+00,4.250104685613766420e-01,2.013396263786472740e-01,1.910971243903849537e-01,-2.094220950203460607e-01,2.981023936002049138e-02,8.666282157731874936e-01,-2.023812772041926888e-01,-1.122631140712343267e+00,1.292746194604111817e-02,3.404038553172412246e-02,-8.995305947463140550e-02,4.274248132417655111e-01,8.602567985662266103e-01
2.372124724885586178e-01,2.854476658741348372e-01,4.950950344329227426e-01,7.671461174423150897e-01,1.251217094115762984e+00,4.407565727488964580e-01,2.036690985332035297e-01,1.924245903706491567e-01,-1.185530482101296995e-01,-3.558345288957414504e-03,8.770104507691423024e-01,-1.189897738599295374e-01,-1.131100158274955580e+00,8.515005321533325455e-02,2.352804762539637690e-02,-4.298682426030240450e-02,4.390888276991331551e-01,8.578224587016551883e-01
2.378259770361942083e-01,2.906375965753530410e-01,5.216371785464212207e-01,8.245167369407208069e-01,1.301662338971184329e+00,4.557687266338146248e-01,2.067622480277573338e-01,1.928387187536813596e-01,-2.653951044089327901e-02,-3.373061095345769589e-02,8.857131542938918578e-01,-3.193665355267759354e-02,-1.117321014048731742e+00,1.711532206650191457e-01,9.034688423348802983e-03,1.366874437097670252e-03,4.542105428705651704e-01,8.518135124462140606e-01
2.402282291788576662e-01,2.898329164251542966e-01,5.270556999145110666e-01,8.689837720688059486e-01,1.330610322973238890e+00,4.616869697512316906e-01,2.077504157536065044e-01,1.933205017735455944e-01,6.428776410342157410e-02,-5.745177722722091818e-02,8.937533279559152222e-01,6.489484118016285163e-02,-1.075262537370309524e+00,2.625204884354929713e-01,-9.301287931933962388e-03,4.227854001372126358e-02,4.727592615902739270e-01,8.421838040659942459e-01
2.408032935919295903e-01,2.925232133094811671e-01,5.318653295511132084e-01,9.118537477395537438e-01,1.312668005764316748e+00,4.623445523198336238e-01,2.080307724683573278e-01,1.927198106040978742e-01,1.529882575494201091e-01,-7.110237108466321843e-02,8.962993129992713470e-01,1.553620706796366990e-01,-1.001590367879702903e+00,3.502280117984310492e-01,-3.045048937240493400e-02,7.862951738672363522e-02,4.944564850729309402e-01,8.288887892289902304e-01
2.403399618366559298e-01,2.918415415898860665e-01,5.380326647405027085e-01,9.442357170959597701e-01,1.331645643930819300e+00,4.664535464371224460e-01,2.095704279914127333e-01,1.927515877820038248e-01,2.348919688226764335e-01,-7.718922224188320969e-02,8.993092368256186964e-01,2.185784412719281034e-01,-9.007718721363230374e-01,4.405764992521163381e-01,-5.274371546209929290e-02,1.098267970900512480e-01,5.195059237948796982e-01,8.118098724416284995e-01
2.352217860532898608e-01,2.863758669900647313e-01,5.359953376086299404e-01,9.617859449323326038e-01,1.311060183069302054e+00,4.632466141442602714e-01,2.077704046235796242e-01,1.912355088748140808e-01,3.098222298766235561e-01,-8.528282095320367795e-02,9.031333742036395940e-01,2.797226640299210199e-01,-7.813934879447220760e-01,5.187151540995676990e-01,-7.446397391519167519e-02,1.364612859377177800e-01,5.478465249244668378e-01,7.915661968442454510e-01
2.319641127828037108e-01,2.820767223404678226e-01,5.368845860548687732e-01,9.692202669569395246e-01,1.294740039538965215e+00,4.540558342376590506e-01,2.069759751759311373e-01,1.896128226611011602e-01,3.775005095623839013e-01,-8.470669944192854572e-02,9.021456526822523303e-01,3.404685832280147650e-01,-6.449110720944980502e-01,5.812498043566223238e-01,-9.565889153581927373e-02,1.574017053660093646e-01,5.782515019772100917e-01,7.685519092978959632e-01
2.247240415715249795e-01,2.745542442739282718e-01,5.278132268329784882e-01,9.654633844722537717e-01,1.255001140962207051e+00,4.419241277693759518e-01,2.033016108467751715e-01,1.870952501147468416e-01,4.337266707326223325e-01,-7.080468196986391960e-02,9.006288651689799973e-01,4.360609970025296489e-01,-4.901389665328977907e-01,6.438672876548949819e-01,-1.161410259870392647e-01,1.712189850636413324e-01,6.100488048583345702e-01,7.427140923595091371e-01
2.189810854677179952e-01,2.672531813824752800e-01,5.204849995797672380e-01,9.540943302737130427e-01,1.198114354624175704e+00,4.240130752032322814e-01,1.996257089122366879e-01,1.845351371528088091e-01,4.775870067909941952e-01,-6.023866875442276253e-02,8.969633735242232842e-01,4.797338367821362137e-01,-3.339096823778501255e-01,6.903854203702745052e-01,-1.352333694141807929e-01,1.786402397595404090e-01,6.429759508770170884e-01,7.141555900242342325e-01
2.145251050691014960e-01,2.588691317665828273e-01,5.111927377179179555e-01,9.297929897377108510e-01,1.149773066467203675e+00,4.027464551572469964e-01,1.970625207395335643e-01,1.821708126095814839e-01,5.015356985981784810e-01,-4.450015286871678022e-02,8.924879146810642538e-01,5.282272951998586707e-01,-1.410197278633231743e-01,7.119572591895919622e-01,-1.509649861026086670e-01,1.786560889220361881e-01,6.762580430871639736e-01,6.836107514665713536e-01
2.084413131054969059e-01,2.491832429268019400e-01,4.961318929958858370e-01,9.037649183571100364e-01,1.103851969182358284e+00,3.789781511538605208e-01,1.937530814211683716e-01,1.784764594104524538e-01,5.017559164538767380e-01,-2.137406856734706817e-02,8.932213981443821726e-01,5.761019291155031752e-01,5.873732809887889650e-02,7.168799871750600738e-01,-1.621822548427762356e-01,1.704979674944299139e-01,7.085623447228946992e-01,6.519684761890864877e-01
2.043748594037918531e-01,2.422906705319784748e-01,4.666595855583834940e-01,8.697638505328840752e-01,1.068575201425747245e+00,3.535333447483718916e-01,1.905194973016754167e-01,1.752603014852950336e-01,4.804024871384762196e-01,1.007412750278064220e-02,8.960702074274238260e-01,6.155173488470837562e-01,2.420243776488017196e-01,7.021842821297211712e-01,-1.692072182450237161e-01,1.549918583357378921e-01,7.390850591098740985e-01,6.203446534371968024e-01
1.977908331557325372e-01,2.331660076568266571e-01,4.567476687273683278e-01,8.265248495703252374e-01,1.032184182301917996e+00,3.258615732138301357e-01,1.880516406626900894e-01,1.713722100079652644e-01,4.439310032769895331e-01,3.416097391988495713e-02,9.020479865570120159e-01,5.830181576062410942e-01,4.164971985308234537e-01,6.499296308590348792e-01,-1.698339003798434443e-01,1.343472827579406670e-01,7.677212027656288296e-01,5.901633930664053063e-01
1.904933580101721424e-01,2.266024828138679115e-01,4.589290182300727605e-01,7.900456744045635249e-01,9.780809742414209307e-01,3.031767684700105714e-01,1.843434490151181215e-01,1.682144810873445750e-01,3.902052035405412234e-01,5.250359063732309983e-02,9.066130138284751450e-01,5.473685570410964374e-01,5.825579495660699880e-01,5.532567525881013637e-01,-1.630488184768267290e-01,1.096969787332349594e-01,7.930189814719386110e-01,5.626833401038663363e-01
1.833532311487588717e-01,2.208718275531212638e-01,4.624496220209741715e-01,7.378224451917920756e-01,9.335201451850007048e-01,2.616352838497819078e-01,1.779685370990849724e-01,1.652135879157435039e-01,3.207853264991331055e-01,7.817862255409874228e-02,9.119241648706684078e-01,5.300224149774239724e-01,7.222202950265620425e-01,4.423120277061459715e-01,-1.501818670751598195e-01,8.137073507884980128e-02,8.135028345281410944e-01,5.393361359789475840e-01
1.812959151469131780e-01,2.199728409394597350e-01,4.674868172541929434e-01,6.887318306783931643e-01,9.081778458050152603e-01,2.630027275699923228e-01,1.781786765013661789e-01,1.631291075521394407e-01,2.395427131787790653e-01,1.047435617384191026e-01,9.193903895742531196e-01,4.655929589025084026e-01,8.149632301531145595e-01,3.476514856453333802e-01,-1.317672801427233198e-01,5.106007270304737528e-02,8.296710224144532297e-01,5.200085437407617750e-01
1.816490518497710926e-01,2.190400270073821765e-01,4.676205889224743228e-01,6.381143740201266068e-01,8.528624921679450743e-01,2.549297867765015213e-01,1.778178517715955365e-01,1.610600032423609163e-01,1.619105864154579411e-01,1.140450504506243662e-01,9.255662660215679960e-01,3.861860332617275682e-01,8.840099673740071662e-01,2.510748787547514849e-01,-1.073503722406658756e-01,2.148491573335035987e-02,8.421530615601939829e-01,5.046361134182207886e-01
1.808694859208205830e-01,2.189354698413691624e-01,4.622999617637398306e-01,5.984989964090997594e-01,8.280081262293540467e-01,2.444141035652736549e-01,1.756380398742737048e-01,1.595731388374395376e-01,8.124177392494001670e-02,1.161913845244690047e-01,9.332764585334498708e-01,3.013669817603038537e-01,9.458871303663942687e-01,1.445094001755923285e-01,-7.732832260589722617e-02,-6.891762649440720881e-03,8.501686891637248999e-01,4.938803756081224794e-01
1.837996492448245867e-01,2.208979668446245659e-01,4.561720917791689534e-01,5.540632259237933122e-01,8.059844918000288461e-01,2.260345938925811538e-01,1.681278626507944907e-01,1.589642471059515283e-01,-3.954391795808347848e-03,1.156106710265167314e-01,9.356539226033759871e-01,2.086259191892043396e-01,9.889789272039466450e-01,4.486158204134107347e-02,-4.210863975190948238e-02,-3.369135181586933869e-02,8.534018128161557915e-01,4.875215418036604742e-01
1.861644863231793900e-01,2.163005267508138763e-01,4.355261517726045639e-01,5.069233201057167237e-01,7.622473066935254726e-01,2.189887734946306674e-01,1.711559201841538758e-01,1.600221196091427545e-01,-8.755975507824145798e-02,1.036115629582087805e-01,9.334540153516316385e-01,1.247171499386120208e-01,1.015515571431265585e+00,-4.527123108427938414e-02,-2.216140764781277493e-03,-5.813642424190765268e-02,8.523548546523126435e-01,4.848113957516408390e-01
1.896456249092621227e-01,2.179298759211844572e-01,4.285300472820229856e-01,4.603205511012763429e-01,7.432266155763114224e-01,2.168776413043958795e-01,1.764673217105931780e-01,1.601938188768602944e-01,-1.704654082187239128e-01,8.516782378147243204e-02,9.269638593860386466e-01,7.169188702382900402e-02,1.033648186785225631e+00,-1.382344668523691200e-01,4.033317275344469599e-02,-8.090331971800872324e-02,8.473475038872693155e-01,4.855917619764312798e-01
1.966284034865282138e-01,2.201722171040631226e-01,4.252236831744229395e-01,4.208661095202892999e-01,7.320456617695689783e-01,2.268100595405115327e-01,1.816505894551536660e-01,1.624294971030812995e-01,-2.539357769680899990e-01,5.692750072681639073e-02,9.212397258001100431e-01,-1.424750339013190585e-02,1.043608199089761435e+00,-2.516967874658108117e-01,8.605207432386439981e-02,-1.009064725784712402e-01,8.371076435127724480e-01,4.904472874353930645e-01
2.004001494899120273e-01,2.226323857161357778e-01,4.103652898277593830e-01,3.737103151132598611e-01,7.354734967023901504e-01,2.248193731052427757e-01,1.842148026981118014e-01,1.636580438037350815e-01,-3.379704169405322034e-01,2.020691393214638087e-02,9.094462696082556974e-01,-8.390755759706396144e-02,1.038798154882439428e+00,-3.499329190890921315e-01,1.344482497933005005e-01,-1.181825646446642425e-01,8.215895904173043940e-01,4.995205785605838500e-01
2.021391811775709035e-01,2.249152171740881334e-01,4.005789441029855569e-01,3.287220317604920283e-01,7.047967317152271649e-01,2.456877533571487637e-01,1.883483985015213524e-01,1.644299217057728635e-01,-4.203267598467897437e-01,-2.680396937253451406e-02,8.941907023428602441e-01,-7.557644823605380591e-02,1.016040658010369357e+00,-4.325794758139973606e-01,1.832565932332782532e-01,-1.337422877469656435e-01,8.024324546953913728e-01,5.121401446663227386e-01
2.046916061125962361e-01,2.303696160011041161e-01,4.037248847156733600e-01,3.134566855225814352e-01,6.903914194212870115e-01,2.696754223951117746e-01,1.921995874496700007e-01,1.650142117511401163e-01,-4.957473759511717981e-01,-5.603917349769815814e-02,8.706050737403732143e-01,6.925822583676824462e-02,9.664859012520417014e-01,-4.959208670203609781e-01,2.262812707246158739e-01,-1.516113535726438810e-01,7.814849310897988843e-01,5.265610154922031327e-01
2.094156423829031388e-01,2.335324702730000035e-01,4.083356507227994814e-01,3.048922235418036197e-01,7.167926163747189161e-01,2.749396706898196707e-01,1.935747191967931158e-01,1.655159836409774154e-01,-5.639666706694177467e-01,-8.709606317625444294e-02,8.472385767171661808e-01,9.799655467560952626e-02,8.846763768146569396e-01,-5.778841613055387683e-01,2.639516271537414305e-01,-1.694055365277735148e-01,7.571242567026191805e-01,5.429056827917254635e-01
2.099532917316665470e-01,2.349916577810355900e-01,4.135383948022055001e-01,3.731916295642146442e-01,7.232915617916105822e-01,2.657437654319432241e-01,1.970527825721107573e-01,1.650931421607774452e-01,-6.282576442258930305e-01,-1.140781325051799105e-01,8.264848213608362304e-01,1.510134461660141425e-01,7.953169290911527023e-01,-6.455263717863113371e-01,2.968619697990084183e-01,-1.856782840939872337e-01,7.294662205838809976e-01,5.619200222277009882e-01
2.144164476220682680e-01,2.370746005392570244e-01,4.097799747121370628e-01,3.861198156206562815e-01,7.147537516374636857e-01,2.788590268099278568e-01,2.003642720309860292e-01,1.658870590732983707e-01,-6.830347620303967027e-01,-1.361816356873767897e-01,8.022539445659132573e-01,1.799525790396165892e-01,7.000842662642680070e-01,-6.702070932590007413e-01,3.243874146112143420e-01,-2.009879876941989829e-01,7.002719031711788222e-01,5.832558040885166273e-01
2.157910668340638216e-01,2.386608967589163299e-01,3.954986959190555651e-01,3.957595762989607469e-01,7.075065049343998158e-01,2.946117939541053055e-01,2.023103679101609653e-01,1.663519284339546045e-01,-7.272484835581033424e-01,-1.560623704368454545e-01,7.756070902644172094e-01,1.973335286046518922e-01,6.096312461561733675e-01,-6.504368730861742609e-01,3.466860145602019827e-01,-2.149101033698705698e-01,6.714515196759791582e-01,6.056457587572804391e-01
2.173655747457902965e-01,2.388858996798955137e-01,3.924552623318707245e-01,4.101397743716527211e-01,6.883556298947970387e-01,3.081160694938739342e-01,2.037828813315119003e-01,1.666758506345441537e-01,-7.652854892430808187e-01,-1.744023208394387958e-01,7.517650510510240913e-01,2.122450181283766224e-01,5.074045887120883780e-01,-6.011621184432404119e-01,3.637828853230148374e-01,-2.272406307619440069e-01,6.444889945108948082e-01,6.278167180329519148e-01
2.180841489945665179e-01,2.396198499824971906e-01,3.983863188274757716e-01,4.195109666431393047e-01,6.898686335912215251e-01,3.197987951904537329e-01,2.044302131975635206e-01,1.653519724001726032e-01,-7.935902482398188296e-01,-1.863374373514721238e-01,7.342847896810679176e-01,2.261933532473009711e-01,3.914109035770640399e-01,-5.286507130328931270e-01,3.749266452493902890e-01,-2.379596312678526615e-01,6.205418236785094077e-01,6.490565333991911157e-01
2.185064779396389545e-01,2.438984932269934736e-01,4.162686694264786103e-01,4.337727691013752440e-01,6.691294121914495019e-01,3.188060146484569257e-01,2.036434717768278169e-01,1.639312250267006554e-01,-8.082537948572722231e-01,-1.923405464720857883e-01,7.209121838342940070e-01,2.305370209964888173e-01,2.832452712880998980e-01,-4.270841864611740202e-01,3.799832573277559522e-01,-2.469861029543350128e-01,6.007736990216414608e-01,6.683786085416579814e-01
2.166449503565040513e-01,2.446206552216622365e-01,4.117788617094461090e-01,4.461294784906374988e-01,6.682309381129155623e-01,3.185159197662833508e-01,2.012448073800570114e-01,1.639999047337876714e-01,-8.156798767095827518e-01,-1.931958903990500520e-01,7.174329885952658303e-01,2.191986977281758231e-01,1.817442841572382006e-01,-3.028876069385141312e-01,3.800388108055524627e-01,-2.539212360016186998e-01,5.860804267620166597e-01,6.847903594119559845e-01
2.157249498026143908e-01,2.461905503172411025e-01,4.268873721983370562e-01,4.627925080212816900e-01,6.420762705558185068e-01,3.248862188661688633e-01,1.981808723877715450e-01,1.630209626402337741e-01,-8.145621970276128998e-01,-1.891698043596376777e-01,7.204638973069656949e-01,2.065861555492120027e-01,6.490508515999433847e-02,-1.672060940705982490e-01,3.753341021827371060e-01,-2.580842595655301053e-01,5.769050075735594474e-01,6.976072824433789954e-01
2.133667756809172755e-01,2.460639541407448339e-01,4.419938325467179241e-01,4.712626635385968044e-01,6.415129944506793302e-01,3.352291777394241779e-01,1.975924820613841892e-01,1.619856416826532253e-01,-8.020798934579904671e-01,-1.807292390850903929e-01,7.297044064111467554e-01,1.934314534914252925e-01,-6.666099142336609495e-02,-2.345452810189365203e-02,3.652868655389228669e-01,-2.590806231670614856e-01,5.734028675802327335e-01,7.061576020468385284e-01
2.100609241084447076e-01,2.458440765710408482e-01,4.507371692869984181e-01,4.758155130763136453e-01,6.195354881828306626e-01,3.422770482778846879e-01,1.949196113713927980e-01,1.612609170123468216e-01,-7.781857129765217262e-01,-1.719110940028022172e-01,7.420373469732609584e-01,1.778971740540750135e-01,-2.000011490730251862e-01,1.169405372923509878e-01,3.497847611264270906e-01,-2.561372585027671400e-01,5.753434095789773384e-01,7.103614604852590553e-01
2.092577815636285088e-01,2.492908753035801284e-01,4.629411432082611300e-01,4.875541051017927008e-01,6.092745349299777402e-01,3.459488499314030685e-01,1.938140731013426599e-01,1.608519139805897336e-01,-7.444165885864171273e-01,-1.557348087205445153e-01,7.589403018031221082e-01,1.610750170662986758e-01,-3.340488022329807793e-01,2.562274904596637537e-01,3.289538487178220727e-01,-2.501559857233364714e-01,5.826142392424132899e-01,7.100314817775413845e-01
2.045316951528114990e-01,2.467512637467426662e-01,4.636817564675205783e-01,4.864275528915144031e-01,6.091387131211865036e-01,3.474623661629552274e-01,1.901976252415959190e-01,1.592820188850109231e-01,-7.020250957503124667e-01,-1.349697955904256563e-01,7.800758833204641807e-01,1.654882998182123088e-01,-4.652514929081257300e-01,3.927731325940090890e-01,3.029650626526735335e-01,-2.413699989194315054e-01,5.949335959975324828e-01,7.050318698083686275e-01
2.050370547885414230e-01,2.496035217313643251e-01,4.785329743223989407e-01,4.982901784178520588e-01,6.098588249753451596e-01,3.450329496585335387e-01,1.884509055270243705e-01,1.578940737596999377e-01,-6.505344084967996654e-01,-1.211549271128246064e-01,8.012574340807782081e-01,1.125946665367477117e-01,-5.829007373643017020e-01,5.035659601836245391e-01,2.729091119135856891e-01,-2.288610199378927623e-01,6.116348535653166607e-01,6.959080658263591124e-01
2.036060567125192178e-01,2.507285363362600772e-01,4.873711300612697528e-01,5.154693308219040482e-01,6.284418110936610402e-01,3.410638776310564446e-01,1.873848324617929106e-01,1.575845025426808044e-01,-5.965529387924576321e-01,-1.011291250853197377e-01,8.243615459727788863e-01,9.214536963638304823e-02,-6.685636504731333751e-01,5.839535541302078858e-01,2.403051993354716753e-01,-2.138476385109843447e-01,6.312687125298617197e-01,6.836447815306612164e-01
2.023862231090332031e-01,2.520314006304035237e-01,4.979360166447390768e-01,5.389870051479358493e-01,6.410619635384661175e-01,3.349852110187270249e-01,1.853792825078262041e-01,1.581201017509341333e-01,-5.375717337445522492e-01,-7.937910612485911399e-02,8.507278447011633604e-01,6.133302040779029657e-02,-7.698737470981033004e-01,6.342777108791040064e-01,2.050430983978195065e-01,-1.962199828988999695e-01,6.526560086567221308e-01,6.688980376526959537e-01
1.999183664700478480e-01,2.561311691153970171e-01,5.113075455864812824e-01,5.542108360405175738e-01,6.497478963444649480e-01,3.230769698660404532e-01,1.815327063758251369e-01,1.580698733084376084e-01,-4.666074678936084075e-01,-6.063407337066295533e-02,8.734074693946354273e-01,4.328555125178434188e-02,-8.707774991897576644e-01,6.517710137713232932e-01,1.668458129810340418e-01,-1.751700485503383253e-01,6.750569075600283409e-01,6.527489719850300132e-01
1.953117007439418851e-01,2.526823202423477133e-01,5.315644714312617314e-01,5.668304759501952006e-01,6.622040375484650188e-01,3.114598486657825793e-01,1.782181417061848294e-01,1.571867752837290411e-01,-3.837693120196594698e-01,-3.963215322896559284e-02,8.890399745771611073e-01,-4.423636882065862946e-03,-9.460677768924545816e-01,6.365134319397436347e-01,1.260466321776841370e-01,-1.512384751128627580e-01,6.974654448875960977e-01,6.362118263758083092e-01
1.920950302836569312e-01,2.523599356471407096e-01,5.445680001514480173e-01,5.814643789110071070e-01,6.625059207385713966e-01,3.049070870605016803e-01,1.753458948515900784e-01,1.576952101302240838e-01,-2.996622371606008084e-01,-1.991786565249218516e-02,9.024131235621439817e-01,-7.189368241147717220e-02,-9.879934122840301480e-01,5.977828167523813185e-01,8.503038400214982251e-02,-1.240506300460370304e-01,7.184655742135621637e-01,6.206728070921411211e-01
1.902955194509513281e-01,2.489362009953396404e-01,5.404733570177296942e-01,5.954842647890559171e-01,6.677901579032525792e-01,2.908497861181442712e-01,1.710482878073756874e-01,1.564728138511005118e-01,-2.165919637665537634e-01,8.206127073010258122e-03,9.132890218139892990e-01,-9.716547050541071706e-02,-1.011305075419886901e+00,5.632842870392682499e-01,4.393858677267362123e-02,-9.540731762457087262e-02,7.377261254083206099e-01,6.064789930256018202e-01
1.872192836156054974e-01,2.452751625794991064e-01,5.208940026115242983e-01,6.081525955358473290e-01,6.764976171846069919e-01,3.037892479473912055e-01,1.645503674607389222e-01,1.573302851194333107e-01,-1.230427273991275133e-01,3.066681769200559071e-02,9.264317320697021962e-01,-1.131082974824915710e-01,-1.051380626023833420e+00,5.487549089782897127e-01,2.600503442289951728e-03,-6.552765419499875788e-02,7.560264800868441437e-01,5.924166718443572011e-01
1.820144893956893994e-01,2.408914496338621924e-01,5.201082862610435509e-01,6.156248451598902438e-01,6.791771508312560712e-01,2.934939548409948307e-01,1.619502767588546777e-01,1.566055604491269349e-01,-1.324156140977317091e-02,4.119698378564475016e-02,9.311858701903413804e-01,-1.381999898019685147e-01,-1.100051756908955625e+00,5.349518621324591550e-01,-3.943703539426914040e-02,-3.287348300089346781e-02,7.727174379733874332e-01,5.778822722329340911e-01
1.771290045602151864e-01,2.356174631717315449e-01,5.052867954435611431e-01,6.169133584704632467e-01,6.872664927488274511e-01,2.831053803413907111e-01,1.639845286799622159e-01,1.568054491488578006e-01,1.003783105755109012e-01,4.633857695419048295e-02,9.257724610362308981e-01,-1.724786594748274615e-01,-1.101926295067795269e+00,5.131919967155899043e-01,-8.151859469080276199e-02,2.340841217233971885e-03,7.872274791101558922e-01,5.631310760499678159e-01
1.755027306006096965e-01,2.319123467349246681e-01,4.898753766943086951e-01,6.214913222294284889e-01,6.856663580807250691e-01,2.829306058629079690e-01,1.672770543391193798e-01,1.566019727032342823e-01,2.089522804694562419e-01,4.584437056009097594e-02,9.126888047167095452e-01,-1.934810211357711474e-01,-1.032491277966193222e+00,4.491699866771973193e-01,-1.211528253229385566e-01,3.836282916057210529e-02,7.995970484723111671e-01,5.492043953778245058e-01
1.758568923737226508e-01,2.314526027255436047e-01,4.805087972389697204e-01,6.352052246363507626e-01,7.108251698850602818e-01,2.861805911064814190e-01,1.805348004825532149e-01,1.602978635077459135e-01,3.046276066683871742e-01,4.382458768897160017e-02,8.978862147177211206e-01,-2.159642437091275347e-01,-9.262998698763642569e-01,3.509438787331060072e-01,-1.568124674860257861e-01,7.194588213840460988e-02,8.090902298326159148e-01,5.375801626252950660e-01
1.754842793360191500e-01,2.308913767609145073e-01,4.812037948718802527e-01,6.381820286569586109e-01,7.314762352428997305e-01,2.838967345782740237e-01,1.859953497310993797e-01,1.616842710276743256e-01,3.882793342033988848e-01,4.165988566841848789e-02,8.830462963109056984e-01,-2.141973224136788367e-01,-8.049116829320199784e-01,2.415576707397051881e-01,-1.877698167576958566e-01,1.022109343129176534e-01,8.148743861408054290e-01,5.292525750371345206e-01
1.719318983672117884e-01,2.229809096028460280e-01,4.644013557865518393e-01,6.353031188457061162e-01,7.282067736644808331e-01,2.762778999077616926e-01,1.911335143844385409e-01,1.628912912529724699e-01,4.619993845750223205e-01,3.516824841680066954e-02,8.687212235501364788e-01,-2.282139507314797089e-01,-6.679153056850897219e-01,1.171622698880580848e-01,-2.134763752672613202e-01,1.288714917857902431e-01,8.166844700757489584e-01,5.247532557043577128e-01
1.697838636477958796e-01,2.181113133563248041e-01,4.518826852969947683e-01,6.286063348695933861e-01,7.504128705992011428e-01,2.667283454118998254e-01,1.948483689886682246e-01,1.631660100813205616e-01,5.197145344574660708e-01,2.400789387197839464e-02,8.537450762052334330e-01,-2.334366180404007229e-01,-5.092131468287874885e-01,-2.483041575861393707e-02,-2.328092845142828438e-01,1.510896071361770288e-01,8.142323412474955502e-01,5.246440780551305805e-01
1.659583014560229719e-01,2.134795334089706342e-01,4.389791009266739152e-01,6.125911497401281824e-01,7.419504031087988949e-01,2.538068223121158762e-01,1.969820527245136621e-01,1.617350120052983287e-01,5.577924730129308895e-01,1.714020747484536547e-02,8.413135313700633722e-01,-2.183458037944647767e-01,-3.414246880122858707e-01,-1.706251600272547519e-01,-2.458185042691087563e-01,1.673426270439600516e-01,8.072254624262594769e-01,5.291176357561421240e-01
1.639532640371837990e-01,2.118578722655127256e-01,4.260165750166888254e-01,6.114205195088837641e-01,7.439872177055441016e-01,2.361545999853673639e-01,2.002643276811205408e-01,1.630957927688510001e-01,5.802538548987378197e-01,1.854397286441959725e-02,8.343618066791190779e-01,-1.594240840586193253e-01,-1.935357658451930252e-01,-2.869816803188907084e-01,-2.539727986127812143e-01,1.770001958516335128e-01,7.960251286510015012e-01,5.379851698803543858e-01
1.517754294074243615e-01,2.021924848308324363e-01,4.208189562885579216e-01,6.180301725133188206e-01,7.669749307097251112e-01,2.291871974619267283e-01,2.025979001166969273e-01,1.612024880078100908e-01,5.914703008077020208e-01,1.655643265244168688e-02,8.308412835599968682e-01,-1.061515336737108295e-01,-7.011993179614076088e-02,-3.726486689895909810e-01,-2.582671917045536447e-01,1.812440179243292593e-01,7.819749649378266998e-01,5.504679671536664154e-01
1.539496034183435169e-01,2.070379919263604374e-01,4.140124897951570349e-01,6.250923940353497743e-01,7.741437595382791859e-01,2.277069960136630100e-01,2.070559306558235613e-01,1.626647507266107684e-01,5.908305827497588592e-01,2.784872040587958383e-02,8.258056517184306777e-01,-4.137510408837417192e-02,2.782397102614143219e-02,-4.283469497384649327e-01,-2.607879048903363750e-01,1.796772758411405713e-01,7.663485302564144730e-01,5.656802608440408831e-01
1.609303318550995843e-01,2.096908737463787920e-01,4.017531620801226833e-01,6.271051194811017027e-01,7.653245675991263708e-01,2.420410659248785901e-01,2.076827611167745280e-01,1.653499222596625240e-01,5.847706416219907721e-01,4.809079019301634728e-02,8.203194620442977314e-01,-1.772979563090913355e-03,1.199978695956035180e-01,-4.447775223359090035e-01,-2.618293782011245074e-01,1.727987077885519140e-01,7.505775932065291700e-01,5.824741202642575999e-01
1.617161763393659135e-01,2.121487359503826109e-01,4.069505886075900358e-01,6.224513005232785723e-01,7.577633931304768033e-01,2.381157515839186778e-01,2.095981689551942861e-01,1.662140564846568414e-01,5.566398411528110657e-01,6.451527112076876902e-02,8.267299371658214380e-01,4.314555019408884695e-02,2.415723069635828946e-01,-4.618053850477299438e-01,-2.545634119294084563e-01,1.607204151782888890e-01,7.376141100906749015e-01,5.995277312792263169e-01
1.631278036024806366e-01,2.152006263671715214e-01,4.126811609582426432e-01,6.174073179682608714e-01,7.486490186442815720e-01,2.342555329727881164e-01,2.110489109395478069e-01,1.670575498648429469e-01,5.215267695512550983e-01,8.246574894936753441e-02,8.350250804524192993e-01,8.365005935419124461e-02,3.548881908248537886e-01,-4.679691418703584294e-01,-2.449173426503769013e-01,1.457592474166876650e-01,7.247720449587523595e-01,6.170640115848218255e-01
1.652079877157511534e-01,2.187726758714973740e-01,4.184206009203293997e-01,6.121373149592902463e-01,7.381613175898315005e-01,2.305151269849955165e-01,2.119844495988106037e-01,1.678695637897339443e-01,4.806057831166514749e-01,1.017159949967853250e-01,8.449696484348273584e-01,1.179781622232112387e-01,4.577447947137012196e-01,-4.633783024708675313e-01,-2.332723689789995558e-01,1.283033645451853166e-01,7.123300315827733042e-01,6.347098937823132392e-01
1.679995027504811167e-01,2.227910153381070235e-01,4.236446302820900400e-01,6.068054346395942433e-01,7.264801634163996491e-01,2.269492505140437433e-01,2.123542474619534159e-01,1.686392596488391626e-01,4.350512381483160329e-01,1.220397805809932956e-01,8.563283976437625622e-01,1.443674731071432626e-01,5.479413921644082919e-01,-4.481423765163223827e-01,-2.200096895302408040e-01,1.087409266052150048e-01,7.005667037347322879e-01,6.520923104729543507e-01
1.715451227779741239e-01,2.271817756417473522e-01,4.278289708317643547e-01,6.015758201523999649e-01,7.137854295732597443e-01,2.236126204534356898e-01,2.121077670579470109e-01,1.693557988316679030e-01,3.860374909455654979e-01,1.432108770199631009e-01,8.688660846099420798e-01,1.610556063119825132e-01,6.232772567112569995e-01,-4.223708736737874503e-01,-2.055105029190648636e-01,8.746009363821044547e-02,6.897606951866238623e-01,6.688381942579997297e-01
1.758876218695339111e-01,2.318710876571652701e-01,4.304493443575918565e-01,5.966126146409348463e-01,7.002569895096848462e-01,2.205599536966742213e-01,2.111944709157621003e-01,1.700083427277294945e-01,3.347388978077130428e-01,1.650030556316661179e-01,8.823474658640826362e-01,1.662801761437237569e-01,6.815516618885308908e-01,-3.861733036103276451e-01,-1.901560077604365628e-01,6.484902568560479974e-02,6.801906397104426905e-01,6.845744777387039459e-01
1.810697740964640756e-01,2.367850822591076043e-01,4.309814726478125024e-01,5.920799612484264340e-01,6.860747166749483483e-01,2.178459671372622863e-01,2.095638215643694791e-01,1.705860527265332105e-01,2.823298150340778356e-01,1.871900877340737790e-01,8.965372979369018447e-01,1.582787969083611079e-01,7.205638812305121821e-01,-3.396591759930069898e-01,-1.743274026693196199e-01,4.129588278883183916e-02,6.721351710781831024e-01,6.989280935163212360e-01
1.871343535300682703e-01,2.418498903223212371e-01,4.289010774906660828e-01,5.881420031181019414e-01,6.714184845183233108e-01,2.155253776687026668e-01,2.071652815327398867e-01,1.710780902175884077e-01,2.299845989239734934e-01,2.095457446451571559e-01,9.112003373591162081e-01,1.352890829118895410e-01,7.381131882714835335e-01,-2.829380004888910616e-01,-1.584058862606786411e-01,1.718882498932466918e-02,6.658729230618397610e-01,7.115259741921057257e-01
1.941241342416501758e-01,2.469916427215531063e-01,4.236838806743918884e-01,5.849628833931888039e-01,6.564681664890834600e-01,2.136529021844983389e-01,2.039483133498440348e-01,1.714736165904043597e-01,1.788776057767160754e-01,2.318437976828879310e-01,9.261013406614431176e-01,9.554864846030376724e-02,7.319988565457273832e-01,-2.161192867650438831e-01,-1.427726571494779551e-01,-7.083987671483271686e-03,6.616825294334072183e-01,7.219950523673122067e-01
2.020818903025134172e-01,2.521364703315500666e-01,4.148056039872303202e-01,5.827067452169143458e-01,6.414036360365018563e-01,2.122832575781521680e-01,1.998623795446527185e-01,1.717617932344904230e-01,1.301831918916229736e-01,2.538580181652373424e-01,9.410050643745995202e-01,3.729510785959810892e-02,7.000201595875257254e-01,-1.393125444885305875e-01,-1.278089139506822791e-01,-3.113439515215787878e-02,6.598426239648796932e-01,7.299622606431949157e-01
2.110503957839616751e-01,2.572105040270589726e-01,4.017419692174204471e-01,5.815377317325060025e-01,6.264047666098518929e-01,2.114711607431669915e-01,1.948569426461366771e-01,1.719317815393558435e-01,8.507571356800647244e-02,2.753621774101768227e-01,9.556762650293026962e-01,-4.123392458423204288e-02,6.399763709311629967e-01,-5.262728332641519735e-02,-1.138958552792557199e-01,-5.457423741126668504e-02,6.606318404282522927e-01,7.350545316210080893e-01
2.210724247572985468e-01,2.621398746828267345e-01,3.839686981532025589e-01,5.816199860831908763e-01,6.116514316584068522e-01,2.112713285730457302e-01,1.888814651832666502e-01,1.719727428945100056e-01,4.472952710518507402e-02,2.961300467356778876e-01,9.698796991562692593e-01,-1.418008345651931013e-01,5.496667641109207469e-01,4.382698705423626606e-02,-1.014146797501621622e-01,-7.701535440737522498e-02,6.643288125955191248e-01,7.368987979020062973e-01
2.321907512938277685e-01,2.668507131736002624e-01,3.609615125828159465e-01,5.831176514121966248e-01,5.973235046314397945e-01,2.117384779612912493e-01,1.818854096850133772e-01,1.718738386894621828e-01,1.031898880247550387e-02,3.159353974597118864e-01,9.833801232862167119e-01,-2.661680077772888287e-01,4.268906126610818585e-01,1.499407569863611123e-01,-9.074658597836676721e-02,-9.806958609905114255e-02,6.712121742386748524e-01,7.351219920874438873e-01
2.444481494648529374e-01,2.712691503741263555e-01,3.321961342945007334e-01,5.861948708627506832e-01,5.836008589782244460e-01,2.129273258014064973e-01,1.738182386803476254e-01,1.716242303137217040e-01,-1.698154504080962024e-02,3.345520009002501682e-01,9.959422939498621119e-01,-4.160978299145253190e-01,2.694471901159287697e-01,2.656045168028925429e-01,-8.227277257883347517e-02,-1.173487724448602498e-01,6.815605591297140275e-01,7.293510467785755402e-01
2.578873933416777064e-01,2.753213171591518682e-01,2.971482850764960437e-01,5.910157875780801540e-01,5.706633681480340892e-01,2.148925889868942563e-01,1.646294146982401618e-01,1.712130791567978705e-01,-3.599771812535212945e-02,3.517536283752640269e-01,1.007330967677921851e+00,-5.933526866709077918e-01,7.513577000974280828e-02,3.907087568367673125e-01,-7.637443816652667028e-02,-1.344647534033694969e-01,6.956526010406312022e-01,7.192128945766549375e-01
