-8.425829698142964577e-03,6.407997924643565879e-02,5.419364230684307893e-02,-1.217389675515893020e-02,1.205259005190560395e-01,2.719362655057193379e-02,2.658316320265489280e-02,4.413239606957499589e-02,-1.182142572565823224e+00,8.532217886810951335e-02,1.335031016851377650e-01,6.447829802926817455e-02,2.763969118825678750e-01,-4.845247491784549498e-01,-2.349337790171285856e-01,-6.911686407709130009e-01,-2.356859275435720935e-01,7.115951760465762943e-01
8.377721479193573142e-03,6.858695831170452673e-02,7.110587644094140680e-02,6.150178629965123017e-02,2.492198263910901934e-01,7.886228156971958336e-02,2.824786618067332000e-02,4.605856602335148958e-02,-1.097268992093838325e+00,1.340969125834203524e-01,2.189281674856059512e-01,4.960455307319886625e-02,-2.824100196432030030e-01,-2.763764207272018103e-02,-2.387914886621451960e-01,-6.242188191526810703e-01,-2.208928510691988423e-01,7.428518807008211988e-01
2.224068548127516171e-02,7.162223260690442350e-02,8.501702684620716932e-02,1.244107556165620077e-01,3.628699881190863286e-01,1.228304220172777433e-01,2.933556694402541035e-02,4.706587707133004506e-02,-1.013900550708453752e+00,1.794749801118462607e-01,2.980058097577265031e-01,3.679771774011138252e-02,-7.406375219301056800e-01,3.562371404845094403e-01,-2.423460960358963245e-01,-5.613078222949077212e-01,-2.054781945500948892e-01,7.716014615541075816e-01
3.335980562671333333e-02,7.329995970341927902e-02,9.614255208455328716e-02,1.772245587675649603e-01,4.622509560370186565e-01,1.595500335198605235e-01,2.988996188710428201e-02,4.723176768889241622e-02,-9.322645593744530723e-01,2.215756670933846650e-01,3.709540443964769452e-01,2.593910870102925093e-02,-1.105180311022663453e+00,6.718036551739288154e-01,-2.456138437467188518e-01,-5.023588776837546455e-01,-1.895357819016386947e-01,7.979376891346434686e-01
4.193182523411963236e-02,7.373429717263299543e-02,1.046979107178926949e-01,2.206147433246515854e-01,5.481373004788615555e-01,1.894731017040820475e-01,2.995474740430305663e-02,4.663367635142036394e-02,-8.525883290566197426e-01,2.605182591680327842e-01,4.379908872968346634e-01,1.691004262697602678e-02,-1.382933102965398842e+00,9.237659586762332342e-01,-2.486109744029497137e-01,-4.472952128053831466e-01,-1.731594370392086080e-01,8.219543339706372187e-01
4.815348762210559103e-02,7.303940258592947488e-02,1.108985613081382993e-01,2.552528568598134151e-01,6.213035917785891815e-01,2.130516121965563281e-01,2.957361989001485586e-02,4.534904153429564905e-02,-7.750991707197373293e-01,2.964220419757880864e-01,4.993343543537771545e-01,9.591836188975244593e-03,-1.580790613802834699e+00,1.116828107672116932e+00,-2.513537306129258186e-01,-3.960400551459549168e-01,-1.564429838781830617e-01,8.437451665902966358e-01
5.222153610928272072e-02,7.132943351469260562e-02,1.149599624172030765e-01,2.818104469450421479e-01,6.825244002701758017e-01,2.307375506238976137e-01,2.879027573863280134e-02,4.345530171290001853e-02,-7.000243953285892884e-01,3.294063011566479293e-01,5.552024614622818044e-01,3.865806058050452743e-03,-1.705647559579494654e+00,1.255694158842275199e+00,-2.538583549849841026e-01,-3.485166321916313703e-01,-1.394802463339404608e-01,8.634039575218297458e-01
5.433271401426258834e-02,6.871854753030633145e-02,1.170975726069998779e-01,3.009590611523290660e-01,7.325742962875956277e-01,2.429829026127199865e-01,2.764841134455001473e-02,4.102989536261524017e-02,-6.275913138479594089e-01,3.595903223506095592e-01,6.058132245173262209e-01,-3.867310947748142658e-04,-1.764398656339901006e+00,1.345068168867402880e+00,-2.561410901274613905e-01,-3.046481714285740883e-01,-1.223650483218591822e-01,8.810244772934450186e-01
5.468376465565671224e-02,6.532090220415451287e-02,1.175268504394416796e-01,3.133702470536659512e-01,7.722278501648232041e-01,2.502396537896374729e-01,2.619172310215961419e-02,3.815026095882306789e-02,-5.580272372426309246e-01,3.870933911976703889e-01,6.513846594138875679e-01,-3.284458598477008051e-03,-1.763938620128576495e+00,1.389654194428194822e+00,-2.582181786486947295e-01,-2.643579003429445407e-01,-1.051912137573176309e-01,8.967004964333501471e-01
5.347143135207662462e-02,6.125065510762110754e-02,1.164632544764414024e-01,3.197155522210442524e-01,8.022596322358326315e-01,2.529597897812642104e-01,2.446390740585472484e-02,3.489383697690525560e-02,-4.915594764773876246e-01,4.120347933378277760e-01,6.921347820469435641e-01,-4.946059782032566354e-03,-1.711162166990045197e+00,1.394156292205345649e+00,-2.601058631570208890e-01,-2.275690464209041974e-01,-8.805256655569421165e-02,9.105257854697533793e-01
5.089245742213387158e-02,5.662196381208996904e-02,1.141222432799119529e-01,3.206665242264554183e-01,8.234442128345980105e-01,2.515952962142143923e-01,2.250866065002846139e-02,3.133806189224355720e-02,-4.284153425170127427e-01,4.345338144110791889e-01,7.282816083114715955e-01,-5.490217974417996305e-03,-1.612964012968828520e+00,1.363278518879550871e+00,-2.618203862607769161e-01,-1.942048371486146952e-01,-7.104293063236732930e-02,9.225941149308627409e-01
4.714358618443996451e-02,5.154898588894504807e-02,1.107192754117662242e-01,3.168947106418912307e-01,8.365561622950934417e-01,2.465981587151019894e-01,2.036967922907394896e-02,2.756037418021973009e-02,-3.688221463262904010e-01,4.547097400574218184e-01,7.600431541024489368e-01,-5.035616504609721766e-03,-1.476238874109450983e+00,1.301724931131504892e+00,-2.633779905682996358e-01,-1.641885000122373928e-01,-5.425612990271541647e-02,9.329992553448863690e-01
4.242156095760649115e-02,4.614587890957021210e-02,1.064698094339172618e-01,3.090716590393429164e-01,8.423700509512936918e-01,2.384203629105411948e-01,1.809065953738430571e-02,2.363821231621555247e-02,-3.130071988700035002e-01,4.726818559168529665e-01,7.876374353148533070e-01,-3.700938701584180479e-03,-1.307881466456434438e+00,1.214199585641902557e+00,-2.647949186879259842e-01,-1.374432624979340378e-01,-3.778598828211682248e-02,9.418349772400322895e-01
3.692312506024490737e-02,4.052680044534940490e-02,1.015893039082778337e-01,2.978689169908023127e-01,8.416604491371728614e-01,2.275138944271460351e-01,1.571529796935265677e-02,1.964901477561274701e-02,-2.611978111129358293e-01,4.885694476293702682e-01,8.112824678436619807e-01,-1.604867894317865695e-03,-1.114786506054302961e+00,1.105406539091439377e+00,-2.660874132279928972e-01,-1.138923520918658783e-01,-2.172632968594995218e-02,9.491950511445086391e-01
3.084502181096678008e-02,3.480590806766650086e-02,9.629321739676099945e-02,2.839580320682609238e-01,8.352019271867050509e-01,2.143307388915307587e-01,1.328729091937212205e-02,1.567022003379308845e-02,-2.136212940198710664e-01,5.024918008349708032e-01,8.311962675838525660e-01,1.133912588212757089e-03,-9.038487089475769620e-01,9.800498481608097556e-01,-2.672717167968372554e-01,-9.345899628019449512e-02,-6.170978029593238157e-03,9.551732475865234440e-01
2.438399452838331885e-02,2.909735934790468395e-02,9.079700846127781999e-02,2.680105518437047030e-01,8.237690554338465976e-01,1.993228819303049237e-01,1.085033478183556471e-02,1.177926656613807743e-02,-1.705049585555880043e-01,5.145682011736405492e-01,8.475968504303827977e-01,4.396719417031208499e-03,-6.819627911807716325e-01,8.428335695306905517e-01,-2.683640720027898330e-01,-7.606642254907954037e-02,8.786242771574765548e-03,9.598633370942629695e-01
1.863723691636239022e-02,2.947664394813688526e-02,9.437392164128644012e-02,2.559049932629111068e-01,8.061428377319280747e-01,1.817765874158662476e-01,7.482343618221005445e-03,7.327404807405263343e-03,-1.277662028990514675e-01,5.281220670536586059e-01,8.646196412996562941e-01,5.163037514828495468e-03,-5.235557623181678055e-01,7.661136372589253396e-01,-2.698721423325329272e-01,-5.741781346144311099e-02,2.450855870777764525e-02,9.656602610476137105e-01
1.226862081930272380e-02,2.161788105293759379e-02,9.151105904415487990e-02,2.411430403193082217e-01,7.690486636131008691e-01,1.611578072073100165e-01,2.271211578431868786e-03,1.297761176542021376e-03,-9.217164036429142948e-02,5.383605185527986503e-01,8.765621148656130845e-01,8.633141771983149707e-03,-3.509841162786163093e-01,6.652593874989279898e-01,-2.713197092907588814e-01,-4.332599305679519369e-02,3.925611887346499435e-02,9.694581063275009569e-01
4.338698244022899317e-03,1.457202110407699452e-02,8.787210023176075802e-02,2.192374266842710140e-01,7.390687048008470761e-01,1.467239599807287631e-01,-7.700760293449747645e-04,-4.706293012715903265e-03,-6.438419582364084126e-02,5.455937369646703949e-01,8.828291397796590445e-01,-1.234982543840772162e-02,-1.620664635782854690e-01,5.456528350021171425e-01,-2.723802548818424762e-01,-3.435823152230461225e-02,5.275347173642774834e-02,9.711879283094299042e-01
6.886074574787577618e-03,1.552724341057675449e-02,8.165316484107737471e-02,2.011803949586139784e-01,7.181996388209730409e-01,1.313871209517462058e-01,2.744791518278172013e-03,3.677929786132246460e-03,-4.281415311520267442e-02,5.482820735950171276e-01,8.851822120063754795e-01,-5.512072099873795844e-02,3.076722181337712692e-02,4.087272481424417125e-01,-2.725488428003962627e-01,-3.086431950729070714e-02,6.507697150639871198e-02,9.709521742899377417e-01
3.897368011405217061e-03,1.073045000061613810e-02,7.433458454195739085e-02,1.814498838600285269e-01,7.200589045507618247e-01,1.120092533908997462e-01,1.885617252872335290e-03,2.840489019076129426e-03,-3.260424106014174483e-02,5.466736438530057640e-01,8.868103428525175858e-01,-1.563448398726401817e-02,1.919632968798369865e-01,2.503012044497698874e-01,-2.721363269331362744e-01,-3.247638343520893589e-02,7.508737833192424826e-02,9.689362069481937123e-01
-9.737399412996011402e-04,8.811592420513505997e-03,8.220526580721944365e-02,1.965879665411999211e-01,7.017684129879933064e-01,1.171481741297204643e-01,2.594059191013991638e-03,3.033286181855897150e-03,-3.234318908635774870e-02,5.477476255972417718e-01,8.868554727000754756e-01,3.876837606126946889e-02,2.779377264996807928e-01,8.506805605326528408e-02,-2.723677938535614684e-01,-3.757771768938043822e-02,8.132367196893372507e-02,9.656525864369007728e-01
-6.160684700667276407e-03,3.667764117549306667e-03,8.039823058152907598e-02,1.910995571273038651e-01,6.839227570608020779e-01,1.078259054988747745e-01,2.160090304611533406e-03,1.434121351671716494e-03,-3.855002441159274817e-02,5.519544285316889676e-01,8.809640525457373972e-01,9.557507865937682479e-02,3.110795530056449931e-01,-3.549639406579205292e-02,-2.741091053808370481e-01,-4.445842765060137314e-02,8.374331192257170042e-02,9.618523921413821842e-01
-1.047303142160673460e-02,7.596818222384874811e-04,7.842819411821581876e-02,1.789536864124744719e-01,6.625289322578711282e-01,9.258861991394579105e-02,1.299163337725880345e-03,-3.602944233639751061e-04,-5.255780570583350880e-02,5.562112989337770763e-01,8.718278259777074712e-01,1.221042424334948251e-01,3.203751469219353054e-01,-9.062856485467857270e-02,-2.764444395560823331e-01,-5.237949722489090854e-02,8.384581045044692260e-02,9.583534981811233644e-01
-1.228883015469617486e-02,-1.741575262075149323e-04,7.842538979584812164e-02,1.752849316749234554e-01,6.606728213907460123e-01,8.253337152424100598e-02,-2.256869497140990915e-04,-6.515934093094051700e-04,-7.075481200702633811e-02,5.591755497743575720e-01,8.638309058676106877e-01,9.057438281201120323e-02,2.839760595792557019e-01,-9.570736462770000619e-02,-2.785587750631282611e-01,-6.044269682550433564e-02,8.326327563975452484e-02,9.557926562343468380e-01
-1.174759593772897563e-02,-3.953484529602994870e-04,7.646832332348547923e-02,1.723575696633346532e-01,6.415210523207957038e-01,7.130837016690698416e-02,-3.806257605298396214e-04,-7.434349668517665740e-04,-8.785364222557688618e-02,5.620364068504015709e-01,8.581709613427598304e-01,5.940151129051539358e-02,2.194241873272904930e-01,-5.795904219234047916e-02,-2.800763957233471935e-01,-6.746003475952846995e-02,8.289977318774446879e-02,9.543386960112019146e-01
-8.170682757720339889e-03,2.359547733014598272e-03,7.340810653972663913e-02,1.718422754282687426e-01,6.386830780846776134e-01,6.436767230683533569e-02,-5.478334817042922970e-04,-4.654565121529374069e-04,-1.018974187702221257e-01,5.651448361974031886e-01,8.531216522935639590e-01,3.160162527045016351e-02,1.580516764469228896e-01,2.208541843326245965e-02,-2.811013196010986870e-01,-7.277123039740501786e-02,8.377119157980682240e-02,9.536012935936042378e-01
-6.756953744100696428e-03,3.656196287782527421e-03,7.321530937694686880e-02,1.737411522115014928e-01,6.199740414085288531e-01,5.421918019840434033e-02,-1.268544330204659761e-03,-4.545897629780776706e-04,-1.050609519573491579e-01,5.672813444072828393e-01,8.485873370190164522e-01,1.230157275135321596e-02,1.233718977713664511e-01,1.131813800786463375e-01,-2.819224682875099419e-01,-7.627540294058308967e-02,8.669606665446358273e-02,9.530514630154736100e-01
-5.383536864516824845e-03,4.586530233268895640e-03,7.258959494865252493e-02,1.721805468138732920e-01,6.195642598025478121e-01,5.018691517393950030e-02,-1.172846829406701914e-03,-2.085104752119015890e-04,-1.056399866644732177e-01,5.669250951183001375e-01,8.454576759056582347e-01,-2.275032410403012538e-03,1.310193352878851192e-01,1.830236687608422785e-01,-2.823858949704651788e-01,-7.888301998356241074e-02,9.170257162217336500e-02,9.523775612985788674e-01
-5.477131123539003346e-03,5.839361251041423270e-03,7.628569182928866821e-02,1.828443331573701702e-01,6.170081199643842051e-01,4.553103896295609965e-02,-1.609269497880903149e-03,-1.200890053083759641e-03,-1.052419651095890252e-01,5.668187387817139600e-01,8.443944087970023382e-01,1.737914576114499982e-05,1.500014516698223166e-01,2.163981713594675393e-01,-2.826470614960201466e-01,-8.143028887944075978e-02,9.802674969123829907e-02,9.514685280509173060e-01
-4.675094926375169581e-03,7.588557327897860888e-03,7.846359868810810767e-02,1.900016649203470909e-01,6.238394492521153190e-01,3.956940014950971474e-02,-1.970326002723012896e-03,-7.571060383943309120e-04,-1.060942477121018940e-01,5.669084059624198701e-01,8.450628638038281126e-01,-9.382080724019300350e-03,1.614700521878708328e-01,2.400372854237763920e-01,-2.827334675106475403e-01,-8.407023253853831979e-02,1.051453064112859576e-01,9.503494302861345000e-01
-5.016871714939303076e-03,7.747352081969197807e-03,8.202438701450243119e-02,1.949954619766390285e-01,6.263573801980191202e-01,3.580564899175268934e-02,-1.899516862938443107e-03,-1.065932039137921974e-03,-1.062225270818561718e-01,5.668188375341156604e-01,8.449069831378103190e-01,-2.352993213682117932e-02,1.587899834509639840e-01,2.486933267760565724e-01,-2.826221347268403905e-01,-8.662878011028155023e-02,1.127274762176266182e-01,9.491328311550635277e-01
-5.058586010158926116e-03,9.325835034691547579e-03,8.386016654446178109e-02,1.962858008060796577e-01,6.201300318402325207e-01,2.978091292503294574e-02,-2.443555402273350947e-03,-1.168289805559180865e-03,-1.066849352026216502e-01,5.669321065388178704e-01,8.442764490532214117e-01,-3.040041960754753456e-02,1.555155479290259990e-01,2.447566435703497634e-01,-2.823017067314612105e-01,-8.907279652183465457e-02,1.202602027974256360e-01,9.479487921083691315e-01
-5.190038621145130239e-03,9.547727042036262268e-03,8.118484300567054002e-02,1.955966385842159427e-01,6.142609356649204599e-01,2.536550735708030524e-02,-2.805312987707388010e-03,-1.086064908623852131e-04,-1.062354142702725823e-01,5.662323963968672880e-01,8.439010911745177257e-01,-3.568490668216568740e-02,1.525030263567353217e-01,2.331259058453767352e-01,-2.816367009214661987e-01,-9.133876638961134498e-02,1.275969147176087282e-01,9.469068194119500959e-01
-4.929937721540425186e-03,9.669364524735497846e-03,7.982299395585343293e-02,1.994213837534705713e-01,6.031814085304112449e-01,2.047336698661769705e-02,-3.225260262271318137e-03,-4.665081330408264292e-04,-1.062238602392785447e-01,5.658824178853898434e-01,8.435959956295941975e-01,-4.525734016740411148e-02,1.584800212748004866e-01,2.204888133505642500e-01,-2.806740378926648183e-01,-9.370271180482898921e-02,1.347062011220444833e-01,9.459613668479015525e-01
-6.535412277051944746e-03,9.310761801965128717e-03,8.134644208210957406e-02,2.043818794816459894e-01,5.907253096536543291e-01,2.374250578677063184e-02,-3.662734551633408178e-03,-1.955404842612625069e-04,-1.066427679271135104e-01,5.662733292673546304e-01,8.426623410481146603e-01,-4.850908056958344594e-02,1.800248460446222110e-01,2.174746560939666007e-01,-2.794285418569467661e-01,-9.639027303053218643e-02,1.418279627688835420e-01,9.449898034027376381e-01
-8.271638362957745017e-03,9.978891606071014705e-03,7.957901790986306179e-02,2.092975060519381425e-01,5.876952393353482851e-01,2.241465914566197898e-02,-3.968405689713330221e-03,4.126469292349131028e-04,-1.088201596312796948e-01,5.661099927950115074e-01,8.428127409558404670e-01,-4.692083110755319170e-02,2.128973980215579931e-01,2.263259572603867620e-01,-2.778040818305735904e-01,-9.969161438575971368e-02,1.492819068685703743e-01,9.438949858725075304e-01
-6.706475941481992997e-03,9.533354889901769422e-03,7.842468871525619389e-02,2.161319902023329242e-01,5.791087547857294293e-01,1.688733975891402311e-02,-4.843354268437512038e-03,9.310960269645063292e-04,-1.116940520243426410e-01,5.673029218070451130e-01,8.441973483794930067e-01,-5.361343790990077962e-02,2.312234005358773936e-01,2.468910071303566656e-01,-2.759646591000960436e-01,-1.034387332334406051e-01,1.573466139197702840e-01,9.426530697373887158e-01
-7.245957456969381524e-03,9.809580643120778889e-03,7.746210506254119776e-02,2.202252492382953952e-01,5.681498135130315097e-01,1.341979515124590815e-02,-5.077515186140938927e-03,1.281285782631756773e-03,-1.154470876731695239e-01,5.706290508235027925e-01,8.449466816032769056e-01,-5.086957748502361071e-02,2.472165083074361336e-01,3.002621593022932189e-01,-2.743698840402141736e-01,-1.073350555654026123e-01,1.664596417473386825e-01,9.410797213725274890e-01
-8.897002250956119809e-03,9.789950386546840064e-03,7.671685639332341544e-02,2.259786671159396132e-01,5.660329006657096595e-01,1.281371097952551524e-02,-4.969198234688305439e-03,8.904333526327728532e-04,-1.166515213399962891e-01,5.720348900135117098e-01,8.466736142272782706e-01,-4.183058154438314136e-02,2.656629380788533834e-01,3.874952479963206242e-01,-2.728967986026601955e-01,-1.111612062106178273e-01,1.776037939966073897e-01,9.389661721642829084e-01
-1.127436653817863628e-02,9.019813356315657324e-03,7.623451294607802575e-02,2.267112963345027099e-01,5.714827506470496754e-01,1.418782893970131631e-02,-5.466965454956070058e-03,4.059866636116115160e-04,-1.162668313593359787e-01,5.733938711889340345e-01,8.483933379259587237e-01,-2.611983377630844316e-02,2.766148668164499780e-01,4.718264282693136469e-01,-2.717103851340490484e-01,-1.147389422244387003e-01,1.908872704426970157e-01,9.361622395581030709e-01
-1.711156354655807288e-02,5.419764516773450079e-03,7.588993183514618213e-02,2.317373430980232962e-01,5.669744519006667538e-01,1.316109641282506466e-02,-6.319829995034568527e-03,6.780059332790648943e-04,-1.141546656164651730e-01,5.743506338324014804e-01,8.506725433562345451e-01,-1.557600827329121834e-02,2.627861783040380539e-01,5.553753425225167462e-01,-2.709548742804239740e-01,-1.177892215181063629e-01,2.061947560040580940e-01,9.326098880557237569e-01
-3.111249350762480478e-02,4.458583025242312918e-03,7.389500701081953837e-02,2.338174492142690020e-01,5.726220066089301453e-01,1.633734203454774436e-02,-5.843445732820561241e-03,8.178715113683872676e-04,-1.080361149383128050e-01,5.752515519927310361e-01,8.532641520091570619e-01,7.953514942453230110e-03,2.205867499484419070e-01,6.124494795048072149e-01,-2.708888675729401729e-01,-1.196561223951707054e-01,2.228118577800817512e-01,9.283478149007694524e-01
-2.745776038191233281e-02,4.598098063035674019e-03,7.164208452866395460e-02,2.419945026982028291e-01,5.845452842358229706e-01,1.519107526674803345e-02,-5.467666535547996941e-03,1.821468378711068713e-03,-9.856432770944764665e-02,5.771660648036825991e-01,8.548645334304331156e-01,1.332019515349468046e-02,1.736047851399171726e-01,6.653761344663353672e-01,-2.714947088895988125e-01,-1.200937839162441179e-01,2.402252454771652557e-01,9.234836588388303236e-01
-2.190415047296714185e-02,4.290323683179962655e-03,7.066232440144677718e-02,2.535293816771683750e-01,5.916230433516161957e-01,1.368971117913759042e-02,-5.829774661277997011e-03,2.325895864602132643e-03,-8.480411868616452575e-02,5.784167145944854038e-01,8.546531045384825331e-01,1.129276445505339108e-02,1.202465139818976875e-01,7.237995065413057594e-01,-2.726486283791133558e-01,-1.189192717366590601e-01,2.585124770071216549e-01,9.180508732478238620e-01
-1.898660358966533165e-02,1.066174410260733833e-02,7.118147457976829739e-02,2.706427589260924638e-01,5.938955960903457010e-01,1.152056782771722354e-02,-6.283023263958431061e-03,3.896316390517330641e-03,-6.622415057134040106e-02,5.775509029129454186e-01,8.538237324931544636e-01,9.414385489081220776e-03,6.288838131181619107e-02,7.761148244931184159e-01,-2.743066798166096665e-01,-1.158699758438452160e-01,2.775801993050867056e-01,9.121024998986685395e-01
-7.710423349120663905e-03,1.768692217400610542e-02,7.897784130228613364e-02,2.851838714832385380e-01,5.972979402029645613e-01,1.333706764139859675e-02,-6.193635488487812119e-03,5.515812557867378306e-03,-4.349031080935791826e-02,5.748181277018524771e-01,8.526499120708417312e-01,1.706550329529053778e-02,-1.539506069683681602e-02,8.051285927294649092e-01,-2.765459068619843808e-01,-1.107687134088964215e-01,2.969424919934715024e-01,9.057403813421593952e-01
5.009632370496470283e-03,2.825781533907277543e-02,8.085042756332162794e-02,2.925595898506004877e-01,6.055850633398309757e-01,1.647265058878953983e-02,-7.093472428225382209e-03,5.577507649956903180e-03,-1.754528982644822099e-02,5.712436857714248140e-01,8.508936499835478839e-01,1.760057652419543331e-02,-9.286086501256260450e-02,8.114419252331428467e-01,-2.794258437541445872e-01,-1.035133416263505773e-01,3.158686065493112594e-01,8.991305096292968591e-01
1.634154851809926923e-02,3.620806925151846822e-02,8.082168325905264572e-02,3.011303000869010038e-01,6.127252186283055346e-01,1.879918653309739507e-02,-6.098639068281780720e-03,6.389008435111743350e-03,1.166715187013317445e-02,5.668322184845403511e-01,8.477813199166807090e-01,7.547251852719214296e-03,-1.737828702688341276e-01,8.006104237526441292e-01,-2.827170575698245147e-01,-9.426717180436297583e-02,3.339315417996461255e-01,8.925202111367493973e-01
3.238858218670326999e-02,4.439038083989179512e-02,7.834897201132813571e-02,3.112128906196909850e-01,6.283947203981572471e-01,2.115692056374597271e-02,-6.215719527133494599e-03,7.451496072176243442e-03,4.523926521892902841e-02,5.613765433025199592e-01,8.431552142847917874e-01,-1.791687697704763896e-03,-2.677286028979689592e-01,7.697528303813093720e-01,-2.864712061206888816e-01,-8.285501927960391144e-02,3.505978921038333529e-01,8.860600230679142042e-01
5.167741251237506495e-02,5.633854682779793760e-02,7.593970855717296908e-02,3.157597487986298357e-01,6.552240230302938118e-01,2.299305063400128649e-02,-5.512886233727251790e-03,9.102891406458944734e-03,8.067834209727790806e-02,5.546688851722745284e-01,8.383152603271116776e-01,-1.997436337462930867e-02,-3.704481461494831263e-01,7.137668323842047968e-01,-2.906262090212315963e-01,-6.924692183507415166e-02,3.652100494645180162e-01,8.799335439415129079e-01
7.455857979107788358e-02,7.065285981345577337e-02,7.627307237863398259e-02,3.224207155025228255e-01,6.755781453153977267e-01,2.401592721762194071e-02,-4.668084120455905962e-03,1.047210180249125849e-02,1.194244394023634692e-01,5.477903360109590558e-01,8.312721402884325483e-01,-3.894564334803307659e-02,-4.827247883458581912e-01,6.422737293152385174e-01,-2.951991899945475284e-01,-5.329896493406616198e-02,3.770649929610743190e-01,8.742992491459826709e-01
1.001105135847244199e-01,8.196759948655638062e-02,7.886812218964964205e-02,3.230976088140278257e-01,6.886571542980811644e-01,1.812264376188838649e-02,-4.413591865586612498e-03,1.102700709100102455e-02,1.598836933714190556e-01,5.402616997895263173e-01,8.228537449280576288e-01,-6.689948815348820133e-02,-5.718628358758454100e-01,5.750851339605000945e-01,-3.001026429721377897e-01,-3.531071628199390633e-02,3.861805594073953740e-01,8.691916407161868197e-01
1.298640233657860632e-01,9.776434738384263967e-02,8.008449701664199782e-02,3.208376755259529367e-01,7.016352076755273393e-01,1.647790869322898755e-02,-3.692179936494318585e-03,1.183184761053256324e-02,2.016718090333909918e-01,5.330597858889803975e-01,8.133929192157764998e-01,-9.399971021126354853e-02,-6.490855366114536285e-01,4.967961715173112580e-01,-3.051175072877875261e-01,-1.569708601859569341e-02,3.927015029144424463e-01,8.647235976504485944e-01
1.570224833358320193e-01,1.106642302752889190e-01,8.265290576516447218e-02,3.236146557505735211e-01,7.080458886081024694e-01,2.044111727938908302e-02,-4.185039592618598064e-03,1.242951881514984223e-02,2.430327218057886651e-01,5.259619570197825444e-01,8.026425846426398225e-01,-1.274283948525559429e-01,-7.212631735628705076e-01,4.193422259128106733e-01,-3.102237576522584583e-01,5.210608860598249167e-03,3.965438825908302878e-01,8.609567431638146529e-01
1.763926390101672736e-01,1.239356858804561978e-01,8.164615403515812497e-02,3.242911985217825088e-01,7.141694770382839286e-01,1.924402216867470219e-02,-3.625226739965345564e-03,1.242671449278213817e-02,2.840561482455187248e-01,5.200326159432077100e-01,7.905304050744330624e-01,-1.578645950543176024e-01,-7.792696506001118850e-01,3.533356169303685235e-01,-3.154237013197204176e-01,2.719932815420274264e-02,3.979375414326369875e-01,8.578480022223881063e-01
1.981548816641554855e-01,1.356139358404706841e-01,8.196269192241291413e-02,3.210332770111004042e-01,7.229894214250144335e-01,1.767079732039179840e-02,-4.447243733999083765e-03,1.154896159169025056e-02,3.274679508955582463e-01,5.117583990892539125e-01,7.779572492952848695e-01,-2.082864039603187778e-01,-8.325305985418690602e-01,2.874976878920787460e-01,-3.202292727033017039e-01,5.020980521077120229e-02,3.972144689605053292e-01,8.554107503653400890e-01
2.160075483972660193e-01,1.416071232805537206e-01,7.936553886962145754e-02,3.143330497940595714e-01,7.321038196603539827e-01,1.165762908343881757e-02,-5.486946251825977963e-03,1.080231076128860233e-02,3.716785617226124327e-01,5.027467980521169721e-01,7.648405109212077502e-01,-2.584027488220005386e-01,-8.880761885393322341e-01,1.936505052424364048e-01,-3.243803467089763082e-01,7.418870221741966087e-02,3.937293218692411445e-01,8.537371159755823280e-01
2.306843200489498424e-01,1.481040371259359500e-01,7.736816026322305972e-02,3.032380988865278626e-01,7.448711983199258757e-01,1.367253470463536749e-02,-4.015027549076443172e-03,9.649734268161555550e-03,4.140603768233547810e-01,4.941092217362611505e-01,7.507047958906185592e-01,-3.089026616536577063e-01,-9.385260085390898510e-01,7.941697123335650366e-02,-3.279465893058497450e-01,9.878462108155651455e-02,3.870147144055005595e-01,8.529204072775955492e-01
2.380386554582580305e-01,1.546317985173628895e-01,7.668004966224727104e-02,2.947087524051509866e-01,7.504637182017231956e-01,2.232737461196711293e-02,-2.765701934263550821e-03,9.204898632584238016e-03,4.548456618464856160e-01,4.864007573914083671e-01,7.366463052381262422e-01,-3.462338845907496632e-01,-9.803862368615360312e-01,-6.748506313536956069e-02,-3.309071287369287906e-01,1.236625249331695375e-01,3.765042490781744244e-01,8.530961981264266747e-01
2.443771250898648939e-01,1.547681586924926078e-01,7.277993832936055507e-02,2.798777430232433638e-01,7.497805151648908595e-01,3.579162737991414822e-02,-4.773748822156912612e-04,9.436255227919959979e-03,4.921593555655160435e-01,4.802366818560915296e-01,7.219380731589224443e-01,-3.789872360738177903e-01,-1.004503379664545504e+00,-2.313027312247635248e-01,-3.332481636003873371e-01,1.481924454038104633e-01,3.616619883310622230e-01,8.543404034079467024e-01
2.501105621706392057e-01,1.587194489085899107e-01,6.990971438601376042e-02,2.626977631180862360e-01,7.378351534993524696e-01,4.887939986999668973e-02,3.447624811684413954e-03,9.418027132529869713e-03,5.256740937689483584e-01,4.759744294481130789e-01,7.064966538736057178e-01,-4.001589203611208845e-01,-1.007817889452003346e+00,-4.094422466451091980e-01,-3.350196161663592243e-01,1.717492676737994717e-01,3.423308543222823297e-01,8.566823590774474972e-01
2.454855335057005428e-01,1.572590980356071977e-01,6.560122360832990052e-02,2.439203710842247907e-01,7.315093033184002502e-01,6.165238717430427534e-02,6.018487342278622428e-03,1.082053885667868913e-02,5.520026197036984605e-01,4.754389939263211629e-01,6.924151045353261757e-01,-4.123286160652277488e-01,-9.755505406686321157e-01,-5.838241862913570168e-01,-3.364635120113970146e-01,1.935164764817837724e-01,3.187144503757252667e-01,8.599710352557030646e-01
2.395971576141105452e-01,1.565748433778869908e-01,6.245056742821253337e-02,2.324874993313845728e-01,7.311468446523742282e-01,8.364458426244436584e-02,9.748586631623180898e-03,1.252171091298816263e-02,5.702159201511648456e-01,4.785586810471119668e-01,6.792264250366411016e-01,-4.019867975741166499e-01,-9.067458892186458508e-01,-7.469622275512209919e-01,-3.378738022257727347e-01,2.125893682213174929e-01,2.914780578714192272e-01,8.639435897244676088e-01
2.388641778552514083e-01,1.585603036142226308e-01,6.269699725627468634e-02,2.204148915384114560e-01,7.354062597886232844e-01,1.110329986666421798e-01,1.458569217561956829e-02,1.255255845903292811e-02,5.801796918450922158e-01,4.870909379265990768e-01,6.678199795068860967e-01,-3.940406432110445389e-01,-7.986349260309479892e-01,-8.859115648196472792e-01,-3.395325918620176742e-01,2.281638255554537253e-01,2.614197389524136050e-01,8.683032646770980634e-01
2.336905536271303152e-01,1.608640544392928584e-01,6.472347070723802331e-02,2.078154216806056553e-01,7.185473747945685385e-01,1.325028907137971168e-01,1.847178189666775355e-02,1.388496212398910266e-02,5.795822891912596475e-01,4.990041314054641242e-01,6.577101036347050567e-01,-3.796368072042078934e-01,-6.653452609250420924e-01,-1.004928862044886184e+00,-3.412451132432107737e-01,2.395237474545544587e-01,2.294116263803204492e-01,8.729887741152067004e-01
2.294160652581548887e-01,1.640420527624953384e-01,6.346327834325025952e-02,1.936017137598892712e-01,7.116880022831603148e-01,1.512420738553985622e-01,2.158948728896458238e-02,1.437992502188916236e-02,5.687124642121165197e-01,5.127996444123401609e-01,6.509902495828546742e-01,-3.653329524006324602e-01,-5.271184871992027343e-01,-1.103716424683075736e+00,-3.427928837835436671e-01,2.463559670719055184e-01,1.960708333697219752e-01,8.779838594115711992e-01
2.222615378175457068e-01,1.638289242625497188e-01,6.476553554275359115e-02,1.863353639648678006e-01,7.179458476466956673e-01,1.764227854756200975e-01,2.411442904078760566e-02,1.442023715592492990e-02,5.503293096337976698e-01,5.295263262052409825e-01,6.467525371466883444e-01,-3.610515487272399349e-01,-3.902859298844837954e-01,-1.168068743449595548e+00,-3.443616925866115341e-01,2.488348103787611509e-01,1.621840669758459197e-01,8.831791303049287833e-01
2.118774826302274039e-01,1.623857498640691455e-01,6.885739241753219275e-02,1.792106324494155134e-01,7.166274655935779281e-01,1.966959329523565725e-01,2.785925102256262345e-02,1.557456635053179432e-02,5.238974886869127712e-01,5.475996944995574767e-01,6.443635190457681627e-01,-3.315378744745874906e-01,-2.411749038592471694e-01,-1.189223253051675755e+00,-3.460251324163960418e-01,2.470617894989232122e-01,1.287706917394773887e-01,8.883170865329994559e-01
1.980139644651782715e-01,1.576685291012921986e-01,7.106614682239639769e-02,1.757911118622943469e-01,7.314854665782747345e-01,2.187838275412946898e-01,3.035299468804492778e-02,1.506663346168109902e-02,4.928048506389561267e-01,5.647364950165456587e-01,6.450314309143847513e-01,-3.234025941135265092e-01,-8.809836569239402893e-02,-1.183759045163833346e+00,-3.475340455749238444e-01,2.411612285838695136e-01,9.692426620206147370e-02,8.932756526185623436e-01
1.731087775175838561e-01,1.519182660863116208e-01,7.117621647532884621e-02,1.636771403143976455e-01,7.437922352889512201e-01,2.408874964435510913e-01,3.125318216807845828e-02,1.447632360327904578e-02,4.548795832964552810e-01,5.835085859287961751e-01,6.473625801079331277e-01,-3.048030233988728854e-01,5.675292947651694453e-02,-1.159931418483150845e+00,-3.489203861146573660e-01,2.314321199011063201e-01,6.698582749549565618e-02,8.980426019808906979e-01
1.394649715319224714e-01,1.445414960980617725e-01,7.178335226793713941e-02,1.647736303601705365e-01,7.425085567251340501e-01,2.536005413572489653e-01,3.125458432926231378e-02,1.442093823651685938e-02,4.135243487871529400e-01,5.996479378128336535e-01,6.537181365500657204e-01,-2.934407423607749421e-01,1.891122991328555436e-01,-1.108391005971747001e+00,-3.498983934812897600e-01,2.183589154829890244e-01,3.957412075593456924e-02,9.027272256718504861e-01
1.230856256627453488e-01,1.397156078435362048e-01,7.189973164619692381e-02,1.634026672626584242e-01,7.429744247784692002e-01,2.659690051600149818e-01,3.237315841368092889e-02,1.540490484728559983e-02,3.688916701954105815e-01,6.164775196082625808e-01,6.599337114628474055e-01,-2.997859707084380432e-01,3.195828623357653830e-01,-1.045279762673111623e+00,-3.506886310202469992e-01,2.023984938987528903e-01,1.515802651995373264e-02,9.072012485517493285e-01
1.260038736266391179e-01,1.319322111119690111e-01,7.090559936684524833e-02,1.653351959143035954e-01,7.505481984130504269e-01,2.758794804074869433e-01,3.211340805437218338e-02,1.483212200368170738e-02,3.201866400640789312e-01,6.299407801597588508e-01,6.719816032175746079e-01,-3.252286311816769970e-01,4.432446851505353891e-01,-9.649766594664751507e-01,-3.503129885830431611e-01,1.837885250632591561e-01,-5.983427552686446452e-03,9.119431421267647497e-01
1.240934290136395945e-01,1.228297312466922475e-01,7.185591410920152966e-02,1.732503957971529840e-01,7.462358516921108187e-01,2.826676932388145769e-01,3.161669245499230951e-02,1.577612702071064243e-02,2.701777819736513320e-01,6.412978988648855294e-01,6.858674746719680693e-01,-2.797760312001329464e-01,5.515294397958447892e-01,-8.519334947117643830e-01,-3.496979778298835440e-01,1.631159583485750353e-01,-2.326894990265142640e-02,9.165178805909565130e-01
1.146221807570095286e-01,1.118273229772948490e-01,7.202627669303963975e-02,1.787331965663136180e-01,7.572046080930957546e-01,2.859133458391379667e-01,3.038033683113005451e-02,1.543014374859495025e-02,2.206997674183384661e-01,6.532128698869804628e-01,6.984828471028253771e-01,-1.974176906618374250e-01,6.397484372058749313e-01,-7.275760971454717785e-01,-3.499748527801085918e-01,1.410430345586503598e-01,-3.664823694321803216e-02,9.203283491328102528e-01
9.830873646347347561e-02,1.055905100315173428e-01,7.088000992523993404e-02,1.722793991773348965e-01,7.456609656067312297e-01,2.866396653323737831e-01,2.856208431596886019e-02,1.199765317052315858e-02,1.720180428537981809e-01,6.654369853024669768e-01,7.107019755220281843e-01,-7.403393417924566955e-02,7.044712384679143735e-01,-5.874488627155165510e-01,-3.516034633720106495e-01,1.181490360299877473e-01,-4.611069445336770517e-02,9.231504194859335710e-01
9.985952673281472958e-02,1.067756867721689762e-01,6.870350522760433620e-02,1.665494674995201818e-01,7.412679946177201940e-01,2.820125334256593508e-01,2.698009596028687687e-02,7.967491387834086183e-03,1.271059937177642096e-01,6.795300392955399005e-01,7.190899057664915661e-01,1.719104206584682465e-03,7.399332831632607910e-01,-4.563493788965918285e-01,-3.548527520803078095e-01,9.525491306031892702e-02,-5.188392715212489931e-02,9.248530946032997857e-01
1.150529947807483050e-01,9.603548264415205649e-02,6.476308176068185096e-02,1.677027450732391789e-01,7.350073449318171859e-01,2.590444321535576577e-01,2.217944660707065960e-02,1.573636389465059814e-03,8.663849392317014841e-02,6.919608434876974856e-01,7.261090289715677049e-01,6.632802094875406285e-02,7.547206871400726769e-01,-3.056347688689473596e-01,-3.591824367545365382e-01,7.313615273957449481e-02,-5.405260342976659499e-02,9.258792983919584829e-01
1.392090771158693285e-01,8.943235508909300191e-02,6.034066538680994685e-02,1.684686756199187674e-01,7.421313753666776147e-01,2.345346546598096882e-01,1.810161134413059217e-02,-7.978937215828482005e-03,5.372081274016454050e-02,7.054691351343500560e-01,7.261301126093218095e-01,1.614258887115836427e-01,7.477040103844143637e-01,-1.824131495932801161e-01,-3.653348287110619319e-01,5.233903017476959629e-02,-5.278280028953083458e-02,9.256797409633460427e-01
1.681612517803590390e-01,9.444262753929522081e-02,6.257571031387139382e-02,1.830059322338091765e-01,7.422495074464171561e-01,2.281695439657096536e-01,1.760699898652649462e-02,-2.707161704837713831e-03,2.112323746713466038e-02,7.197201929700762779e-01,7.217073381724476988e-01,2.570551494136276149e-01,7.193616905560631380e-01,-9.020103786895398990e-02,-3.734710317983941930e-01,3.286776561257869628e-02,-4.912331679190441724e-02,9.240394410698820060e-01
1.926300160594792421e-01,9.644736749190882530e-02,6.485877926147981531e-02,2.014359388343711366e-01,7.333622593228618092e-01,2.097717870723763700e-01,2.047231536572980543e-02,9.917394981661135575e-04,-6.291811766862071692e-03,7.352967055408616837e-01,7.120991738768921442e-01,3.509225736565680376e-01,6.811422910403074349e-01,-1.164709456804214477e-02,-3.835230116121192689e-01,1.483056410986303281e-02,-4.372744300869037953e-02,9.209453323052980700e-01
2.151185782067032981e-01,9.909569942791091046e-02,6.631036662706346618e-02,2.203682696790482953e-01,7.252118469014210422e-01,1.903974249144895214e-01,1.812229322159241568e-02,7.049426352706403276e-03,-3.184542760579868459e-02,7.526982118704951263e-01,6.967512237397452957e-01,4.407721438600703534e-01,6.361116976099516762e-01,4.941770320208390549e-02,-3.954123536347983747e-01,-1.773993001306708832e-03,-3.693864570424343352e-02,9.163177849582606616e-01
2.201495325343673093e-01,9.823968002516873799e-02,7.347996730039907387e-02,2.626493885572432352e-01,7.281542821457362979e-01,2.085158011919401311e-01,2.424658273236571931e-02,2.443026584745043236e-02,-5.278784942549685777e-02,7.685461454172386464e-01,6.750278679277323945e-01,5.391561013955249448e-01,5.690713361455288499e-01,8.507848354072239383e-02,-4.090993018265235981e-01,-1.684915285162017981e-02,-2.943673509854419224e-02,9.100837783246499280e-01
2.133928683296763551e-01,8.388610652636302456e-02,8.295577258087666328e-02,3.129750566874979767e-01,7.239407877882584330e-01,2.286052655535919242e-01,3.058960938782007838e-02,4.179708373035592728e-02,-7.201805272904074351e-02,7.844561448484244082e-01,6.472959716130146646e-01,6.617547294107897216e-01,5.029866232374308188e-01,1.031777393179934138e-01,-4.250169207772381275e-01,-3.039409978308783150e-02,-2.198030038458888627e-02,9.017533675672853022e-01
1.952839566402167215e-01,5.983448519943904836e-02,8.757834746374357215e-02,3.594135834758166448e-01,7.216100453603990772e-01,2.303481519051209792e-01,3.496715660380868285e-02,4.546794170968269239e-02,-8.797757648965821853e-02,8.051666466528278887e-01,6.115766847949600793e-01,7.550970989912053621e-01,4.311013648558776334e-01,1.136084981432940039e-01,-4.432001320243093012e-01,-4.232417186948034260e-02,-1.467804268394477980e-02,8.912938693907438426e-01
1.977636786938604674e-01,4.553489490621159125e-02,9.230363065332768124e-02,3.994032204393000995e-01,7.096355888502956510e-01,2.339247145448337117e-01,3.522270047956586880e-02,4.546022982317149408e-02,-9.989802827004524988e-02,8.206689467937668958e-01,5.731568654249538097e-01,8.575878509002876626e-01,3.380127308035748013e-01,1.099922046012073440e-01,-4.626515983483737715e-01,-5.221861142070079176e-02,-8.230096971550401874e-03,8.795415130939265858e-01
2.287128814244526187e-01,6.206146769969328458e-02,9.537296148478158209e-02,4.157394498520737836e-01,7.177782893852250323e-01,2.430166782012315174e-01,3.278329055995785751e-02,3.108036580216852821e-02,-1.083972524711776242e-01,8.397445038363138270e-01,5.316057555269619872e-01,8.848804703246657688e-01,2.108632201253505256e-01,9.992190970504669090e-02,-4.834844888243984284e-01,-5.947707450900625858e-02,-3.342842503215818356e-03,8.667768348656632593e-01
2.484227106455762224e-01,9.132071566344675262e-02,1.020213087380199002e-01,4.397314793286840051e-01,7.186444744565501086e-01,2.526954463130718365e-01,4.158325414981837304e-02,5.611525265926932404e-02,-1.127281377983086336e-01,8.663267246909244212e-01,4.854308113023195759e-01,9.531287846497572547e-01,9.908116797128377340e-02,1.124389838638380767e-01,-5.062245340068616262e-01,-6.393169840198272003e-02,5.314681205389748531e-04,8.532363080595550819e-01
2.820843941863316884e-01,1.296232021824592351e-01,1.108552747365888630e-01,4.708566532878496469e-01,7.237371238763037340e-01,2.766625874286686715e-01,5.394891363021669939e-02,1.016346627915724193e-01,-1.115309624330037969e-01,8.944688878583318958e-01,4.379750978043683851e-01,8.867508753296416968e-01,2.134159099468409260e-03,9.727332789104822797e-02,-5.288587822174555253e-01,-6.588723627159503993e-02,3.400586891215692971e-03,8.402464418456320194e-01
3.142601374124990854e-01,1.671324160117069468e-01,1.145029970563820609e-01,4.900287536949656797e-01,7.119544129080923600e-01,3.026986173710404793e-01,7.017752717212964730e-02,1.480945725379448630e-01,-1.093075027334639432e-01,9.184279980438910806e-01,3.934707479585810574e-01,7.692130545600220914e-01,-8.160204100687830364e-02,6.989135921140386676e-02,-5.490870367850119171e-01,-6.580584354884562448e-02,4.858730717080329484e-03,8.288325274578574042e-01
3.582872975048868591e-01,2.252239538587307299e-01,1.024931359763863736e-01,4.963346230790479652e-01,7.019422809747910552e-01,3.233738345672467762e-01,8.773118303278353014e-02,1.961690708875238609e-01,-1.073263814275938338e-01,9.448371553145953339e-01,3.532994559927614686e-01,6.690261639972527874e-01,-1.662186481914308400e-01,3.347775517050032706e-02,-5.670262493531759151e-01,-6.405889580068180322e-02,4.802152112608561868e-03,8.191060446184220689e-01
3.975443052498071062e-01,2.564896944765776565e-01,8.946285209484179657e-02,5.016088523721105030e-01,6.883605972076962676e-01,3.402551541402432100e-01,1.005521943576380833e-01,2.397843461321548242e-01,-1.010489875113739361e-01,9.674154600439657248e-01,3.217898853050030206e-01,5.256766314826430975e-01,-2.389466929121301653e-01,-2.089586702104678784e-02,-5.820674667004883673e-01,-6.069130140396210987e-02,2.921337882045457919e-03,8.113859683976020198e-01
4.449278886760426599e-01,2.989523932280815366e-01,7.255769578171981926e-02,5.140162261477284611e-01,6.929057026851552781e-01,3.711833244530775566e-01,1.149695661903090971e-01,2.799173540766872192e-01,-9.304826543381318482e-02,9.823579821961043734e-01,2.988988317195803157e-01,3.362813589646883594e-01,-2.744923619676683524e-01,-7.029864460382979907e-02,-5.932873274536011321e-01,-5.645302579625015998e-02,-4.328186052056462473e-04,8.059845139505392719e-01
4.884551783063868502e-01,3.479361931053890356e-01,7.948963013439235004e-02,5.240564013047068759e-01,7.031127350230120809e-01,4.043560042809642985e-01,1.297525515516697592e-01,3.131082619999641103e-01,-8.467643183082014524e-02,9.910912495891669449e-01,2.875637348000235072e-01,1.097785433386145454e-01,-2.559302075315357805e-01,-1.130176071874149923e-01,-5.998184748021325730e-01,-5.244247842597748316e-02,-4.672755231723970532e-03,8.030885864480211689e-01
5.323554428116357151e-01,4.125067672427010224e-01,9.413590478032735076e-02,5.274075665341150243e-01,7.248209944714218977e-01,4.299135467193462845e-01,1.461837773846494382e-01,3.476739889640086956e-01,-8.285094430996367554e-02,9.896450206668797600e-01,2.868424966345113902e-01,-1.460017946182985416e-01,-1.966759078286441642e-01,-1.557404545212290881e-01,-6.001196254274273612e-01,-5.000463198729795250e-02,-9.302506733749920514e-03,8.028514737003866752e-01
5.706309377278591111e-01,4.782940667473011276e-01,1.123860842090601553e-01,5.409818889549945498e-01,7.887230882643320173e-01,4.598107780217528529e-01,1.602600735093482331e-01,3.757652366616127670e-01,-8.731652791295679839e-02,9.791020167610249292e-01,2.938669524692770763e-01,-3.950954551284767691e-01,-1.432973950773263616e-01,-1.831091332658795756e-01,-5.939211306755673991e-01,-4.950229432347520719e-02,-1.406404332765711154e-02,8.051600523723869696e-01
6.178417047881846758e-01,5.580801929711922682e-01,1.508820689714443219e-01,5.491344046182110583e-01,8.652590048640522724e-01,5.057778281120008934e-01,1.759302763597918040e-01,4.015246903104695009e-01,-9.192159928329241003e-02,9.599862181148023366e-01,3.124129991341316193e-01,-6.613441726497497619e-01,-8.872565062410221748e-02,-1.791818552449376267e-01,-5.816032363704667363e-01,-5.042950534850994260e-02,-1.831964415804428897e-02,8.099480766295608092e-01
6.598869100471964622e-01,6.305775348211202225e-01,1.917319318212214740e-01,5.613272477326994858e-01,9.306887532667698082e-01,5.355348432960221894e-01,1.893857656203397355e-01,4.220940443372949713e-01,-1.006514597184979959e-01,9.317096035525367359e-01,3.378887980805613811e-01,-8.899887124152118245e-01,-3.407232641606988688e-02,-1.760166016504872422e-01,-5.632005251427063541e-01,-5.277354829040530743e-02,-2.167950763712947829e-02,8.171029466835775246e-01
7.023041700128526132e-01,7.041565125717959006e-01,2.184071719932870748e-01,5.455250226433003835e-01,9.853646702874881980e-01,5.593176002159548910e-01,2.017422672355105306e-01,4.444023411373295707e-01,-1.082045248152935513e-01,8.964598226841372641e-01,3.802624167319758053e-01,-1.195521659936076286e+00,2.865258869532216757e-02,-1.328151121963601078e-01,-5.383169299693890686e-01,-5.488432045936536552e-02,-2.455341265911008264e-02,8.289945812650536539e-01
7.411243658864711259e-01,7.757153240193188637e-01,2.490789968271881483e-01,5.297727753210856871e-01,1.044363316207889802e+00,5.811665062256139436e-01,2.128784298253377227e-01,4.618997378579839386e-01,-1.169103528369868777e-01,8.561967541572667040e-01,4.276047548485580885e-01,-1.478529662008398304e+00,9.240707687475041565e-02,-8.699186284341442477e-02,-5.100580787840158781e-01,-5.762979215780502512e-02,-2.680106309175826068e-02,8.422192592650256104e-01
7.754446424732813758e-01,8.440714627153063088e-01,2.840766384084015828e-01,5.152452797079358771e-01,1.107639249664630565e+00,6.008745157302015638e-01,2.225919710190373269e-01,4.739301570953370901e-01,-1.268176239978141551e-01,8.113476578619871482e-01,4.789278487477093282e-01,-1.729603022205018936e+00,1.551513240307230701e-01,-4.056683350753498285e-02,-4.788133335723891992e-01,-6.107529690352131446e-02,-2.830254788790682874e-02,8.564947608228774545e-01
8.043621445784974178e-01,9.080424222113615551e-01,3.237293288224000753e-01,5.031173097457197763e-01,1.175147029294343781e+00,6.182345831349079779e-01,2.306806084458212225e-01,4.798375214454592697e-01,-1.379750185120090233e-01,7.623397936883408166e-01,5.332437347468215183e-01,-1.939332044098760033e+00,2.148455160717527845e-01,4.439995895395787429e-03,-4.449720563202988477e-01,-6.528616821431001971e-02,-2.893795600038805149e-02,8.715388660779750385e-01
8.269740170073338614e-01,9.664456960590870338e-01,3.683663001546559346e-01,4.945636393763060412e-01,1.246841213733662856e+00,6.330396628449233010e-01,2.369420597349011781e-01,4.789657535044204439e-01,-1.504312165938051782e-01,7.096004215263685966e-01,5.895644491632875406e-01,-2.098307031262449662e+00,2.694498389063487709e-01,4.600864544949689883e-02,-4.089236090135350277e-01,-7.032773960796694090e-02,-2.858737638203424219e-02,8.870693551696835488e-01
8.423774045650039843e-01,1.018098777810086064e+00,4.183167844906419131e-01,4.907590425415624957e-01,1.322676361619221641e+00,6.450827092654377592e-01,2.411740425154890177e-01,4.706587758682906908e-01,-1.642348984574363568e-01,6.535568012661124859e-01,6.469020283144997219e-01,-2.197118287268912784e+00,3.169244784430210737e-01,8.211913523888692001e-02,-3.710573536378876658e-01,-7.626534460228784340e-02,-2.713089798567768635e-02,9.028040082373689490e-01
8.496694520567225073e-01,1.061819161015961077e+00,4.739100139158306524e-01,4.928782931833584624e-01,1.402607031587653763e+00,6.541566768016415789e-01,2.431742744167965098e-01,4.542605111331397549e-01,-1.794347443171361856e-01,5.946361927976132611e-01,7.042685085178491677e-01,-2.226356115690966142e+00,3.552296205902826798e-01,1.107514853476843086e-01,-3.317626521791463556e-01,-8.316431671506853418e-02,-2.444860976415065557e-02,9.184606054203966474e-01
8.479473042877031519e-01,1.096424339228315281e+00,5.354752205156946276e-01,5.020961652435612654e-01,1.486587782275592851e+00,6.600545198587249862e-01,2.427404730680354783e-01,4.291148818950378807e-01,-1.960794343871384293e-01,5.332658560109118095e-01,7.606759260907300924e-01,-2.176610820101443800e+00,3.823254512566425234e-01,1.298857158600082995e-01,-2.914288666231010794e-01,-9.108998946410480635e-02,-2.042060067028545617e-02,9.337569268581319415e-01
8.363081060631600838e-01,1.120731805998752106e+00,6.033416363757063694e-01,5.195874326640406160e-01,1.574573172319672310e+00,6.625691928418779852e-01,2.396703560984176917e-01,3.945658107500550349e-01,-2.142176488816767144e-01,4.698730507960512393e-01,8.151363173505336013e-01,-2.038472704073165165e+00,3.961721563506119814e-01,1.375018468599762400e-01,-2.504453589555419302e-01,-1.001076963671924391e-01,-1.492695965691437886e-02,9.484107526899407947e-01
8.138490021883072467e-01,1.133559054878873207e+00,6.778384935813385193e-01,5.465268693866650596e-01,1.666517760356525768e+00,6.614936501562911353e-01,2.337616411371551961e-01,3.499572202942611843e-01,-2.338980680149846947e-01,4.048850370430715495e-01,8.666617186146526874e-01,-1.802532071178948758e+00,3.947299217807016536e-01,1.315798984317071429e-01,-2.092014911622585571e-01,-1.102827709421272118e-01,-7.847775676869660558e-03,9.621398630551882825e-01
7.796671374683592504e-01,1.133723579420282013e+00,7.592950242180637188e-01,5.840892493533017538e-01,1.762376105022786854e+00,6.566208462071542185e-01,2.248120458134594823e-01,2.946330331237263511e-01,-2.551693720012963018e-01,3.387290746420147380e-01,9.142641662004790115e-01,-1.459379224991632862e+00,3.759589334554216400e-01,1.100998906593204651e-01,-1.680866252290411922e-01,-1.216805467067049451e-01,9.368623170162935360e-04,9.746620380932404792e-01
7.328596567085290392e-01,1.120042873174581732e+00,8.480404603713543876e-01,6.334493465058201878e-01,1.862102764955089196e+00,6.477437353996576830e-01,2.126192877565425965e-01,2.279371718345202802e-01,-2.780802410548449122e-01,2.718324234829221919e-01,9.569556964254055664e-01,-9.996044690840242275e-01,3.378193772832839836e-01,7.104184362693166666e-02,-1.274901231416794012e-01,-1.343663571787213629e-01,1.154686537191126731e-02,9.856950579434626825e-01
6.725237047140320001e-01,1.091334429693375130e+00,9.444040341266833893e-01,6.957819347860894066e-01,1.965652298790066421e+00,6.346552721389917551e-01,1.969810845956161405e-01,1.492135590227134934e-01,-3.026793553898644573e-01,2.046223434558346321e-01,9.937483456068249010e-01,-4.137981070289650232e-01,2.782714391727971748e-01,1.238577741866297988e-02,-8.780134688596302750e-02,-1.484055358759723553e-01,2.410214453498304293e-02,9.949567027452204115e-01
5.977564262900816328e-01,1.046415742528264525e+00,1.048714977569523032e+00,7.722617881359770120e-01,2.072979265164351936e+00,6.171484108303462168e-01,1.776951539598921048e-01,5.780611728437577701e-02,-3.290153952205885357e-01,1.375260944507945560e-01,1.023654150062129231e+00,3.074495576007389985e-01,1.952753050324725903e-01,-6.788828788136846981e-02,-4.940965844768280268e-02,-1.638634163162535906e-01,3.872261085339927245e-02,1.002164752637879408e+00
5.076549662418919917e-01,9.841043052308534600e-01,1.161302522785345737e+00,8.640636804973512719e-01,2.184038222714579813e+00,5.950161058789119606e-01,1.545592134785824245e-01,-4.694123078442282576e-02,-3.571370407612506903e-01,7.097093635784312848e-02,1.045685146108709329e+00,1.173548221232244559e+00,8.679116077082327241e-02,-1.718003321890433366e-01,-1.270441981262698805e-02,-1.808053320173609868e-01,5.552817537432756106e-02,1.007036987760804969e+00
