1.718725983282567704e-01,3.332731809225861208e-02,8.459560259322983222e-02,3.529097016249883589e-01,5.682783392218225815e-01,2.504151487769869511e-01,6.928649652097720879e-02,5.958616153065261767e-02,-8.815110624297389091e-03,6.502074984737531427e-01,6.599656796484160148e-01,-2.256168512338841969e-01,3.975451778534569991e-01,4.976716641190035428e-01,-3.004806220100879055e-01,-1.906602122505764163e-01,4.945182073619930896e-01,7.760966585869242262e-01
1.101801638547198620e-01,4.942682896871047199e-02,9.561482080109487414e-02,3.374490097496378183e-01,5.445677369730693718e-01,2.715037888320509518e-01,6.199592287347036046e-02,4.141677686861375274e-02,-6.857149770018287904e-02,6.545953439683246389e-01,6.976102098876564295e-01,-1.441627995787862215e-01,2.148630177177775213e-01,2.067038972681323195e-01,-2.842245314495432940e-01,-2.174283652643432263e-01,4.873064561605251477e-01,7.894894265988793292e-01
6.065882623140197993e-02,6.396806025287726793e-02,1.050979770697320070e-01,3.245393902694918009e-01,5.264911075233824622e-01,2.883841442094042806e-01,5.438759624650899710e-02,2.593687134235442976e-02,-1.141911825845224882e-01,6.597120794872957106e-01,7.264243780655060823e-01,-6.925802844679784798e-02,4.554575457319914866e-02,-2.199187684720271818e-02,-2.730307167473252083e-01,-2.373099265083910836e-01,4.793621970652229836e-01,8.008873880610478668e-01
2.254202325965107279e-02,7.699146960643579729e-02,1.131174332915990816e-01,3.140157526638304719e-01,5.136682817734489204e-01,3.013264023058121466e-01,4.670132506823010399e-02,1.304814695679772790e-02,-1.465863927659975807e-01,6.654290589700088132e-01,7.470114967313645771e-01,-7.374990146465643104e-04,-1.104036142754075689e-01,-1.932855186371378320e-01,-2.665317548635612321e-01,-2.507745320541894252e-01,4.708235532919938793e-01,8.103768508256552483e-01
-4.936807259184855523e-03,8.853751469106285743e-02,1.197455513591539067e-01,3.057130064119338853e-01,5.057190906239560357e-01,3.106007505180398698e-01,3.917691776677065946e-02,2.652305716866747154e-03,-1.666693557332895315e-01,6.716176363558064022e-01,7.599748784346311847e-01,6.156382754094025245e-02,-2.529820915231720813e-01,-3.120468885118093949e-01,-2.643602227583787267e-01,-2.582918179732077713e-01,4.618286480567451724e-01,8.180441227449272157e-01
-2.254422752375787042e-02,9.864665316843523879e-02,1.250546931648542914e-01,2.994660609930821504e-01,5.022633649755908758e-01,3.164773762428526593e-01,3.205418277026764878e-02,-5.348950372515412499e-03,-1.753522989750796457e-01,6.781491655840310440e-01,7.659178357247056201e-01,1.178109900432350310e-01,-3.821866798652236996e-01,-3.831458468813535578e-01,-2.661486973919051646e-01,-2.603314203369154756e-01,4.525156045753840894e-01,8.239755116710890670e-01
-3.104679973272012061e-02,1.073593427002297457e-01,1.291172206011580725e-01,2.951098258865552659e-01,5.029209357290406190e-01,3.192264668770157798e-01,2.557292850685804336e-02,-1.105391930642568576e-02,-1.735474499800492842e-01,6.848950005940251939e-01,7.654436811509870431e-01,1.681690273155104220e-01,-4.980143819966921237e-01,-4.114522541559066937e-01,-2.715297557242680182e-01,-2.573629752167821416e-01,4.430225460638179680e-01,8.282573254563665444e-01
-3.121108608472344947e-02,1.147160409481231824e-01,1.320054955605230451e-01,2.924792105716333968e-01,5.073116337849924440e-01,3.191182098172944959e-01,1.997296340467883541e-02,-1.456089907994094490e-02,-1.621670362368798357e-01,6.917264953251314186e-01,7.591557272628750574e-01,2.128029781810389931e-01,-6.004622006127062761e-01,-4.018359707456052865e-01,-2.801359747155947044e-01,-2.498561186842770954e-01,4.334875957379540345e-01,8.309758719529849458e-01
-2.380364877842008897e-02,1.207572055737923533e-01,1.337918799354070321e-01,2.914091245275966524e-01,5.150552900441334181e-01,3.164227924604541275e-01,1.549409589186699632e-02,-1.596818768813811074e-02,-1.421232852342526332e-01,6.985150037166922843e-01,7.476572866097689340e-01,2.518778814630932006e-01,-6.895271384083959676e-01,-3.591668570605852651e-01,-2.915999313260126957e-01,-2.382804868108698293e-01,4.240488768136996267e-01,8.322174590131700134e-01
-9.591050012461882490e-03,1.255232942389140349e-01,1.345487356182678840e-01,2.917344772337250314e-01,5.257717354071507199e-01,3.114104022032597729e-01,1.237613439655951136e-02,-1.537408312609409022e-02,-1.143284244608489542e-01,7.051318797080501355e-01,7.315516717410682768e-01,2.855587759849457230e-01,-7.652061980788905649e-01,-2.883147735109832244e-01,-3.055542025156494645e-01,-2.231057156680298081e-01,4.148445125069620265e-01,8.320683944891470452e-01
1.066014801449879923e-02,1.290547646051650177e-01,1.343484245015633682e-01,2.932901781692986987e-01,5.390808007747316388e-01,3.043512264424768632e-01,1.085888734689335888e-02,-1.287688338888579032e-02,-7.969468140535031220e-02,7.114484772385476496e-01,7.114421952061724674e-01,3.140107005698689058e-01,-8.274963823193192125e-01,-1.941495805069356484e-01,-3.216313652446323723e-01,-2.048014413272264966e-01,4.060126260336485160e-01,8.306149862331417832e-01
3.618338310381039036e-02,1.313920743342221198e-01,1.332633084777513632e-01,2.959111368135976528e-01,5.546023170475630204e-01,2.955154525748706074e-01,1.118216317100551721e-02,-8.574886471590131842e-03,-3.913428355643795709e-02,7.173361502475271712e-01,6.879321695544809989e-01,3.373986940411355384e-01,-8.763946938248116103e-01,-8.154113845857779985e-02,-3.394639964730890025e-01,-1.838372998599293873e-01,3.976913406096662662e-01,8.279435420973796367e-01
6.621209305682049240e-02,1.325756810877621872e-01,1.313657494392896363e-01,2.994322626459020031e-01,5.719561151263322651e-01,2.851732679972062146e-01,1.358577029703296468e-02,-2.566390369284000939e-03,6.440541597206934227e-03,7.226662526743313775e-01,6.616249073353932530e-01,3.558877952220180774e-01,-9.118981352904972359e-01,4.464069222395283809e-02,-3.586846731611467165e-01,-1.606829273376078060e-01,3.900187794509227257e-01,8.241403699340861255e-01
9.997971567487698441e-02,1.326460425274619270e-01,1.287281092786360104e-01,3.036884651454919148e-01,5.907620259117264405e-01,2.735948601062489494e-01,1.830951715311269351e-02,5.050306922955695443e-03,5.611756656690268519e-02,7.273101384583027240e-01,6.331237210983086117e-01,3.696430429357889791e-01,-9.340037094115051231e-01,1.795260511305205586e-01,-3.789259722689329868e-01,-1.358079598317313008e-01,3.831330657733250655e-01,8.192917775954867698e-01
1.367196887593281895e-01,1.316436163149981575e-01,1.254227498882483638e-01,3.085146537916474418e-01,6.106398803044326140e-01,2.610504162987640764e-01,2.559321216738166815e-02,1.417690741005201566e-02,1.089845638639681119e-01,7.311391615387836662e-01,6.030319233926266786e-01,3.788294760057210331e-01,-9.427084188829649714e-01,3.182450778509883227e-01,-3.998204707565752858e-01,-1.096820334137694058e-01,3.771723227927806787e-01,8.134840729338070897e-01
1.756654501115175182e-01,1.296088601120448658e-01,1.215220331605817022e-01,3.137457380636413662e-01,6.312095092051235312e-01,2.478101239715113091e-01,3.567666376797595101e-02,2.471511309692761213e-02,1.641293059997180614e-01,7.340246758550997841e-01,5.719528267677337352e-01,3.836121332550783136e-01,-9.380092663999854974e-01,4.559279119752093212e-01,-4.210007455841912050e-01,-8.277478415518974009e-02,3.722746737251880211e-01,8.068035638012539534e-01
2.116390404399219882e-01,1.263057072011113668e-01,1.170018340341407309e-01,3.216305525166523460e-01,6.601456529431521947e-01,2.376697292505472459e-01,6.312641129256085781e-02,3.732530268151893621e-02,2.144554555566741127e-01,7.314581009359977237e-01,5.454160320178860211e-01,3.910627114535987769e-01,-9.153656782640222644e-01,5.165328921143457208e-01,-4.387506775358521183e-01,-5.823028085127628095e-02,3.707042230586761189e-01,7.993768969200020225e-01
2.433016750127655059e-01,1.223820550499655491e-01,1.122195157821912759e-01,3.225502291035656777e-01,6.749951533327339659e-01,2.305527430634654040e-01,9.342557448323360325e-02,4.779153859126163834e-02,2.655597740386984595e-01,7.280977542123655555e-01,5.187554511325594975e-01,3.962669989163158935e-01,-8.680174991937470441e-01,5.610082067532944361e-01,-4.562411525022626035e-01,-3.393827090905406768e-02,3.706825591763708294e-01,7.911325235477847384e-01
2.831763210159789490e-01,1.183377377151804688e-01,1.072279541593617880e-01,3.315589922895759156e-01,7.003768713429623372e-01,2.133468821214677402e-01,1.139992142584884405e-01,6.022231215373768931e-02,3.171863445968932105e-01,7.247670332092307488e-01,4.935800076157737526e-01,4.011696175857281110e-01,-8.027845271551989903e-01,5.822041452417056062e-01,-4.731734005081781880e-01,-1.072426593352531279e-02,3.721323174277343937e-01,7.823001491756018666e-01
3.188679073196983849e-01,1.125177892698388527e-01,1.020022930416816243e-01,3.359833823563482813e-01,7.140170083189911754e-01,2.009201759247323804e-01,1.435590207434165599e-01,7.797545975261599427e-02,3.690442426559728539e-01,7.226451403547966557e-01,4.708135301850431276e-01,4.003375245130932347e-01,-7.327729291318708649e-01,5.997584245918156087e-01,-4.894071301359430026e-01,1.099953469783851792e-02,3.749424269873279925e-01,7.729806654117361564e-01
3.410404737605548520e-01,1.044901650863784143e-01,9.659676397235941736e-02,3.365288612951219949e-01,7.304401273206774237e-01,1.886846359178074584e-01,1.675686807104660725e-01,9.896125925625656738e-02,4.177202395812169566e-01,7.193496739590540257e-01,4.484655160563400522e-01,3.840021393245102721e-01,-6.597061834090175436e-01,6.279089705402194355e-01,-5.045807607234316094e-01,3.141429867083964794e-02,3.791605180671372421e-01,7.632071583840016604e-01
3.023408445268623290e-01,7.616231849134012799e-02,8.857591873180009623e-02,3.356042134834144597e-01,7.461803808074614075e-01,1.657338468319067837e-01,1.651576366853148292e-01,9.184472499870147133e-02,4.623892590567695304e-01,7.087789700045340480e-01,4.251443463854941984e-01,4.003265073924878736e-01,-5.697101295413070643e-01,6.480454626489564607e-01,-5.185755987092307562e-01,5.029211718541009429e-02,3.849547396240950436e-01,7.527572521547634121e-01
2.967491204925236659e-01,6.430685121640249136e-02,8.272252750147980616e-02,3.402324237667460061e-01,7.597834595622976472e-01,1.542769813995527595e-01,1.865483650449133168e-01,1.170203631447369746e-01,5.047216485804818520e-01,7.118823136028503695e-01,3.947576892569934492e-01,4.793386923278774026e-01,-4.631341104075731852e-01,6.672068394284718096e-01,-5.338238940413364553e-01,6.559477044889247543e-02,3.929619963706402208e-01,7.397394334750040379e-01
3.182948606797936231e-01,5.457726043524395443e-02,7.617045322282142705e-02,3.304309761908360010e-01,7.625280275781821659e-01,1.375013573670103573e-01,2.391416637191353112e-01,1.466827576322348170e-01,5.457721825544670224e-01,7.133643402707388059e-01,3.717852143164034340e-01,4.962020980603857878e-01,-3.498088028796748628e-01,6.700398419143348550e-01,-5.484356118608725295e-01,7.795446452555424011e-02,4.026921152107778012e-01,7.259864646994739212e-01
3.099359721532335965e-01,2.768880938286856497e-02,6.528573057131863144e-02,3.200759149446710805e-01,7.599574524300921619e-01,1.236845159460265575e-01,2.873756501784353601e-01,1.668541801286921589e-01,5.828741017481410269e-01,7.122633991208499049e-01,3.523178077440761724e-01,4.684653952241784602e-01,-2.316009078107377495e-01,6.439659230444110261e-01,-5.613280638658856292e-01,8.776257265278278319e-02,4.138162886433455756e-01,7.125011107847429859e-01
3.166950301551383351e-01,1.537327784971088268e-02,4.831713263085880838e-02,3.167004533094592844e-01,7.538351631313622292e-01,9.208515150692642148e-02,3.354157588707643578e-01,1.899260863277588141e-01,6.124185983952987744e-01,7.076809914266950496e-01,3.391473974396977953e-01,2.923433014905163496e-01,-1.204634001237922386e-01,5.958523545589845538e-01,-5.703795378575426955e-01,9.585582842324730235e-02,4.252199578083786236e-01,7.009636076545777694e-01
3.763013712252922804e-01,1.515544781782280498e-02,4.850151987776820522e-02,3.172436726005993246e-01,7.620797134876573509e-01,9.584430131033935818e-02,3.928447034810910177e-01,2.151916584496153251e-01,6.310284391116246505e-01,6.982536921547769504e-01,3.311223328951282130e-01,1.001642552526626900e-01,-3.114700244179441357e-02,4.895737976815970893e-01,-5.741349948958229810e-01,1.026993999857790524e-01,4.358405188346402004e-01,6.925555358033698150e-01
5.067151266858199721e-01,2.667603531344701212e-02,5.176625877892894467e-02,3.298615449871451499e-01,7.698777574715344185e-01,1.088982856901881402e-01,4.483050430729435543e-01,2.426879547154543459e-01,6.458638642841643129e-01,6.874594127629022333e-01,3.297630554625010646e-01,-6.166462683009389656e-02,3.124896088521573329e-02,3.685280926559874048e-01,-5.733109405310536921e-01,1.083768930670905711e-01,4.444711686029836351e-01,6.876070283522655036e-01
6.320668195173467785e-01,4.774137441379359970e-02,5.243149904228838060e-02,3.391012441613189266e-01,7.678070163800174708e-01,1.223368620972915821e-01,5.149271381161898420e-01,2.703085316011465400e-01,6.564746617137576790e-01,6.735948718272670721e-01,3.339950402593713230e-01,-2.155597798979613511e-01,8.827798398711607375e-02,2.531395789056192225e-01,-5.685608159846267107e-01,1.130407484432393306e-01,4.511178194032082756e-01,6.858639675323291440e-01
7.676931301392794227e-01,8.195289151744368505e-02,6.054996106062326966e-02,3.520101591630845905e-01,7.547824074194067201e-01,1.429597621909609595e-01,5.726096151910168297e-01,2.920707460317242821e-01,6.599468949084688063e-01,6.571069733415764169e-01,3.468297911505126563e-01,-3.493418772772888814e-01,1.322166646969391290e-01,1.396950861638985575e-01,-5.603527362130261702e-01,1.166411840631349645e-01,4.557283448165146411e-01,6.870974238215797891e-01
8.739273001307037436e-01,1.179287414934818423e-01,7.128690275688250033e-02,3.741759466610399820e-01,7.532110484549361384e-01,1.724201441800065349e-01,5.997665123822750743e-01,3.064384895458026059e-01,6.598836439952067145e-01,6.405987318611441328e-01,3.664575222469324545e-01,-4.557179857498551701e-01,1.516670906588839518e-01,4.047509830276238563e-02,-5.495624857406751218e-01,1.193410746773388847e-01,4.583066984416618306e-01,6.908711893257104553e-01
9.553681643557133674e-01,1.548970287102383048e-01,8.104586895727905471e-02,3.922187810865578883e-01,7.505862417636373074e-01,2.076543778026664067e-01,6.254347537124559375e-01,3.164717769689295856e-01,6.555547830923096342e-01,6.219238133121253176e-01,3.912300559649519172e-01,-5.508271854461833650e-01,1.202648916416110408e-01,-2.720547731174253678e-02,-5.368567081115874773e-01,1.221192479033820777e-01,4.590729940149008703e-01,6.968024597480353410e-01
1.060094697445937539e+00,1.871173443190774499e-01,8.614634559605258146e-02,4.065987266978580705e-01,7.511434708701062446e-01,2.410759220935771718e-01,6.626823333767368762e-01,3.236949665947949639e-01,6.555327613067398751e-01,6.049254636622622971e-01,4.124552552867989386e-01,-6.104033668320568706e-01,2.800211528715620610e-02,-8.187303068969184472e-02,-5.240641056568015044e-01,1.264928491526891852e-01,4.578886572906342711e-01,7.042557816720319552e-01
1.141862758648306109e+00,2.164213586918714849e-01,8.560674174112652135e-02,4.199988890951887321e-01,7.372972540298843303e-01,2.715310009709748229e-01,6.822554011797919982e-01,3.244632467902508477e-01,6.532930074609263338e-01,5.885266892190681443e-01,4.304370801047780470e-01,-6.526161655212199264e-01,1.776761086728766495e-02,-1.604168878437091939e-01,-5.114071416224973410e-01,1.317244412295562328e-01,4.547557392361635253e-01,7.135451669817416409e-01
1.203050853062045622e+00,2.474201087899357832e-01,9.546874787361950276e-02,4.352257506395975084e-01,7.199707279042476538e-01,2.953870048989331032e-01,6.878615869589861376e-01,3.241428287557930887e-01,6.445342619482355984e-01,5.767705614350406851e-01,4.511483225521939477e-01,-6.610765129010481855e-01,7.607281715786314014e-02,-2.302696390190356324e-01,-4.980829121107903656e-01,1.354386888443761539e-01,4.503895791330447818e-01,7.244665311250799711e-01
1.278652335872064061e+00,2.703333877251171136e-01,1.064456641485769794e-01,4.493155574947315101e-01,7.058465744050814727e-01,3.237329286750409985e-01,6.954657531758924316e-01,3.156289284015618146e-01,6.335746710359848599e-01,5.666128400242561591e-01,4.786560015389463296e-01,-6.631725701740504020e-01,1.460980363484853384e-01,-2.816801309234551187e-01,-4.842853274615512849e-01,1.369737418497706805e-01,4.451580890415788860e-01,7.365370728651344789e-01
1.339262864350631688e+00,2.915889891562207237e-01,1.109468822348949613e-01,4.634415187120045077e-01,7.173987969675773568e-01,3.563324131568139097e-01,6.983784389757237143e-01,3.113911852293325122e-01,6.177661890737039529e-01,5.587607403111912729e-01,5.058978390604341735e-01,-6.553872718204090120e-01,2.501641550970206129e-01,-3.219298790320157533e-01,-4.698870589996368419e-01,1.358969651565129777e-01,4.396369632596173194e-01,7.492617188644199455e-01
1.377467178823018612e+00,3.067643307345812032e-01,1.223309870134440536e-01,4.689541550791638258e-01,6.918245569789582827e-01,3.792899811856156878e-01,6.829653824662986761e-01,2.979489933860151596e-01,5.970670931716920427e-01,5.527400038868817145e-01,5.353669876251266890e-01,-6.384797976054787938e-01,3.736222089126500778e-01,-3.437309579085899292e-01,-4.544569663022231532e-01,1.316560804745006419e-01,4.342315860459499688e-01,7.621944819427464157e-01
1.400963446847693028e+00,3.206109995043298078e-01,1.301588583460859261e-01,4.708748555678035075e-01,6.716865772674796009e-01,4.067044782071149722e-01,6.663388951775800484e-01,2.897288472241640878e-01,5.692348644168894189e-01,5.475418749683864661e-01,5.666947551414318607e-01,-6.114147385036345916e-01,4.872872443777628848e-01,-3.356558091273839084e-01,-4.381086002883272101e-01,1.244750708416705320e-01,4.294007713156862138e-01,7.747415366364833744e-01
1.406333725413929647e+00,3.279277385422301183e-01,1.377991789251312438e-01,4.822318445747482696e-01,6.594162386869957260e-01,4.453033271563449080e-01,6.367614634411091767e-01,2.784997542732863263e-01,5.375512919974089199e-01,5.419528840441272255e-01,5.960040729440401197e-01,-5.655148100147628920e-01,5.915304383011197320e-01,-2.945160779851889732e-01,-4.211865124430596574e-01,1.148539975589067536e-01,4.256989215600878729e-01,7.862087060575327913e-01
1.401729919325041873e+00,3.356064731310481886e-01,1.427459995248135938e-01,4.872261177747382321e-01,6.393306828006187770e-01,4.699330344340800214e-01,6.136285467559325912e-01,2.623414659742691057e-01,5.004218702598731694e-01,5.372102505782815340e-01,6.228064622781481763e-01,-4.944161226546052168e-01,6.761114772356240366e-01,-2.493927563433575578e-01,-4.042075076305250980e-01,1.030467965072878189e-01,4.234812279887139042e-01,7.960051034459896258e-01
1.375852886553507792e+00,3.356453390703477146e-01,1.503845123857519284e-01,4.932923678121524658e-01,6.226413773076835412e-01,4.892914357119343971e-01,5.897237344390865443e-01,2.547743579785554102e-01,4.604018175971933413e-01,5.301115329374687102e-01,6.481094445216756261e-01,-4.415906318418822418e-01,7.559639680062815170e-01,-2.153815028554372790e-01,-3.872006830871325689e-01,8.933542144595943424e-02,4.225349061593351441e-01,8.044820077043031148e-01
1.350947502264462141e+00,3.345896316958860139e-01,1.545128886125104184e-01,4.917192011295749010e-01,6.177275475634531610e-01,5.026473090156445833e-01,5.583706715920589980e-01,2.428167546305748659e-01,4.170555865418550390e-01,5.238347809118595322e-01,6.715721757602989284e-01,-3.817356171490495775e-01,8.296652998760071229e-01,-2.055275898746651841e-01,-3.704244453323026764e-01,7.347896921013975791e-02,4.226375689312238393e-01,8.119259092433995795e-01
1.307004586661546286e+00,3.261331263915505652e-01,1.581658349771397354e-01,4.870557403431577392e-01,5.912376983536612451e-01,5.126570961033811713e-01,5.303772528468074787e-01,2.296755478520655369e-01,3.713350021172429072e-01,5.209101791605449394e-01,6.937777889258106567e-01,-3.145778539850927480e-01,8.951891238985379973e-01,-2.067967621684096424e-01,-3.542461547463680582e-01,5.517316065283875415e-02,4.235258026077046156e-01,8.184649793642397864e-01
1.239226907818429035e+00,3.142021868856475497e-01,1.606152930120637312e-01,4.819444173957424526e-01,5.761581658349694823e-01,5.200303263321237601e-01,4.936299591686262866e-01,2.145499185216462879e-01,3.269960625442335234e-01,5.212042638126838101e-01,7.138880242567333667e-01,-2.334726164459568487e-01,9.463243880991059065e-01,-2.014702848226143095e-01,-3.390399009609273984e-01,3.461699816747897118e-02,4.251701323892718709e-01,8.239158055544189008e-01
1.158201366828492285e+00,2.979250411210979665e-01,1.571322721494882169e-01,4.730960891917244671e-01,5.667865032389880486e-01,5.138809212617896360e-01,4.576830326822993178e-01,1.962874463461334040e-01,2.803566363983907017e-01,5.243718458482787836e-01,7.318016605413674158e-01,-1.413530626593724748e-01,9.874326703697544616e-01,-1.984664168117253880e-01,-3.250170527051383651e-01,1.212616529280842806e-02,4.275386891706655645e-01,8.281401437836416468e-01
1.057019768946007021e+00,2.793132274214160660e-01,1.569862989123515795e-01,4.603168779641327868e-01,5.666287798341561599e-01,5.193361625790531289e-01,4.175747391137620279e-01,1.784723844020919270e-01,2.318277805516176238e-01,5.304633877445774637e-01,7.464944872459124969e-01,-4.418726701293797243e-02,1.009246969791055326e+00,-1.933498656912842062e-01,-3.125223401473178342e-01,-1.218743236650210796e-02,4.305191220858509138e-01,8.310734757413545948e-01
9.368259478031492060e-01,2.554283000037464446e-01,1.577667812050294049e-01,4.413227318848299552e-01,5.548858430113765561e-01,5.144688815760767309e-01,3.666427333798317756e-01,1.595668165100298241e-01,1.839158309580046224e-01,5.395161191570053694e-01,7.587032466629411998e-01,5.440334279470308843e-02,1.016399284488094246e+00,-1.851939914627330763e-01,-3.018788043325015269e-01,-3.791207780083653833e-02,4.341223871869548945e-01,8.326004547691021607e-01
8.050446535947101134e-01,2.286591583464300248e-01,1.564444354097918322e-01,4.328178701211333745e-01,5.602877566444848245e-01,4.945496357555395628e-01,3.040003297490470047e-01,1.399923929183943538e-01,1.384558541213689875e-01,5.528662094562011298e-01,7.679442989053315571e-01,1.570752950084431943e-01,9.949757923813605798e-01,-1.677034111008506856e-01,-2.934113856103107709e-01,-6.457173522824401213e-02,4.383025688170587575e-01,8.326011858939225130e-01
6.515504052741076801e-01,1.955661668214583315e-01,1.506936321820412372e-01,4.134169874677656176e-01,5.564666924959086325e-01,4.817329143772286493e-01,2.555674942979818676e-01,1.266193462926680224e-01,9.489103462495983299e-02,5.677790071354403834e-01,7.714893619962658322e-01,2.554119101083083820e-01,9.452581311357849403e-01,-1.305118153610710652e-01,-2.874513392850094329e-01,-9.124515448713299559e-02,4.430621900669675095e-01,8.308817856190438000e-01
4.817405971791832164e-01,1.578042913557486659e-01,1.443137430530703202e-01,3.919349693437658710e-01,5.606452329001351265e-01,4.614168744322149074e-01,2.028598574534949961e-01,1.073648888059635931e-01,5.318700663300003628e-02,5.832501508936560608e-01,7.693128096875136990e-01,3.591489174176671351e-01,8.840183645384926958e-01,-9.088183036438622631e-02,-2.842036208407099362e-01,-1.173081658559469304e-01,4.484051477408028119e-01,8.273361380121175834e-01
3.123081502390852582e-01,1.169272656622287743e-01,1.355933109051193908e-01,3.709383235314835381e-01,5.663897091145113638e-01,4.236884417514839019e-01,1.557258674622771233e-01,8.543003729617165698e-02,1.482950002844029766e-02,6.008371636098049917e-01,7.616527833956745486e-01,4.704639009020017970e-01,8.234943101579854652e-01,-6.831135584698617980e-02,-2.839188689836894541e-01,-1.429287284996885732e-01,4.542686575115839065e-01,8.219290882603776938e-01
2.186986315771078382e-01,1.015883255951888914e-01,1.292979325976486016e-01,3.540384188790879905e-01,5.602927278692788615e-01,4.040100743686985130e-01,1.541504411320658574e-01,1.000969581569510491e-01,-1.741918300953044368e-02,6.299096237770356321e-01,7.505002302905833256e-01,5.283606724850418157e-01,7.552702900307074474e-01,-4.631156817694694061e-02,-2.865063735845428394e-01,-1.681155418516109834e-01,4.604063618159228155e-01,8.150308008059120590e-01
1.280560302581703613e-01,7.724107427166548856e-02,1.227661951476934493e-01,3.322594830560209322e-01,5.459114264693984975e-01,3.728748415535590444e-01,1.497739555951277945e-01,9.231699135414347945e-02,-4.565683974934170442e-02,6.476266440299678351e-01,7.466550586510090071e-01,4.528214845870483507e-01,6.785286334964533150e-01,-3.290132866474496792e-02,-2.883161527141325786e-01,-1.904367976938599882e-01,4.659444672798579434e-01,8.094984497674375667e-01
3.862008077562532893e-02,5.274152269763113243e-02,1.157477295974406739e-01,3.190613331571425237e-01,5.289378573041445541e-01,3.469584909131988026e-01,1.299667882972219135e-01,8.068161375872762164e-02,-7.151441548058290465e-02,6.622366668457222438e-01,7.401162177513985752e-01,3.394108444522788703e-01,6.031448871546380985e-01,-1.819687794833167380e-02,-2.890319940411649746e-01,-2.095790448431162911e-01,4.710210643881807546e-01,8.049923092470517849e-01
1.849294737278835837e-02,5.647581637707343311e-02,1.105008277920037918e-01,3.171713638763210552e-01,5.436703079463010013e-01,3.347591052684130153e-01,1.213606943195359167e-01,7.799896008800641378e-02,-9.594032826878133580e-02,6.722079437221757381e-01,7.370548932999878566e-01,1.801497527157201739e-01,5.144768970980901912e-01,-2.246491047087141243e-03,-2.877658759426516832e-01,-2.252359501055471724e-01,4.752553314450090882e-01,8.018420701953468122e-01
4.380461630637230708e-02,6.303692924626660976e-02,1.237645074722593386e-01,3.173304430697331258e-01,5.557327589444850391e-01,3.487467760505040260e-01,1.225601152835005814e-01,7.626852193012373382e-02,-1.155871679549220349e-01,6.792712092507932065e-01,7.347368781758601974e-01,1.225464371633517985e-01,4.047672082416072792e-01,-2.587621163287721904e-03,-2.856449628155808274e-01,-2.375504449104887672e-01,4.786211553975477928e-01,7.995312467198730788e-01
7.505689886893709972e-02,7.237560098679612919e-02,1.221597057228100552e-01,3.168952349354837716e-01,5.572083088492869596e-01,3.506597937371891405e-01,1.181352732872014838e-01,7.338521154953052406e-02,-1.252029855616060006e-01,6.846082827984217856e-01,7.340640286871605857e-01,7.982865372789306468e-02,2.807787301466477814e-01,1.957682238198162408e-02,-2.840127496695813991e-01,-2.464648461147191105e-01,4.812077633895126549e-01,7.975574674978880285e-01
6.056532666453237623e-02,8.226833832710736538e-02,1.219558855062508607e-01,3.168726384591468159e-01,5.611138838193633349e-01,3.428938367497104123e-01,1.151819138299637474e-01,6.718835387888878741e-02,-1.309370437639013340e-01,6.870578854977592576e-01,7.320329386660514581e-01,3.358699418896959193e-02,1.509964484809391549e-01,4.489797144762964348e-02,-2.830258871188554015e-01,-2.517934559161070229e-01,4.833441658044596023e-01,7.957621140084638611e-01
5.349940851397202296e-02,8.300407959663805291e-02,1.259974912638754940e-01,3.144055551726799846e-01,5.533845331235504039e-01,3.406554298037734463e-01,9.494541348165602690e-02,5.550461982411188794e-02,-1.306814231722085440e-01,6.880479277005856487e-01,7.298585095339348294e-01,-6.194225826935114386e-03,1.401598083421618825e-02,7.071148564869808584e-02,-2.827727433399204182e-01,-2.533860544696227013e-01,4.848955437906269927e-01,7.942265125497731670e-01
3.017668142756536886e-02,8.113399521499310707e-02,1.227399832351425968e-01,3.110978829664790002e-01,5.644717202030322678e-01,3.348964918445415662e-01,6.971192835619793859e-02,4.405950455945306654e-02,-1.232456142083347139e-01,6.875795450595197922e-01,7.268602384909831349e-01,-3.651354204433696071e-02,-1.233534913255199816e-01,8.606534554698000439e-02,-2.834111788576625379e-01,-2.512511280542487624e-01,4.857741716228233808e-01,7.930079739799769101e-01
2.749628740447786213e-02,8.148875989348303150e-02,1.199375682398356180e-01,3.097493252586905887e-01,5.678132871237384638e-01,3.335497418548600823e-01,7.152597347652728255e-02,3.559622031221650051e-02,-1.114949671825992972e-01,6.849803324716697839e-01,7.205873378090387193e-01,-6.043311305769168834e-02,-2.442219208650244500e-01,9.840071471066035025e-02,-2.851209403422579891e-01,-2.457041706526620906e-01,4.859356097840611399e-01,7.921960062542237058e-01
4.753032332480663924e-02,8.317716860537899271e-02,1.159985504847806659e-01,3.073342138677987445e-01,5.520648989054733891e-01,3.256414270664587107e-01,7.848704397688426038e-02,2.967413579383192113e-02,-9.565700762842330174e-02,6.817521164614565032e-01,7.111734688637463275e-01,-5.798210418991116277e-02,-2.933160130843332492e-01,7.544704470747543024e-02,-2.878025573094680212e-01,-2.381392154833348873e-01,4.853954873980802498e-01,7.919541077028060538e-01
3.410214129681817669e-02,8.404487329671740670e-02,1.160631764071043126e-01,3.062419002016712466e-01,5.483161434811754109e-01,3.219392203834149369e-01,6.767417812013293288e-02,2.139523879350477276e-02,-8.501915204077566124e-02,6.809508888506010660e-01,7.055822066342489762e-01,-4.695016054949392725e-02,-2.243544468103433331e-01,3.654959807540917455e-02,-2.905692250028912293e-01,-2.315880519713769681e-01,4.844462178957353871e-01,7.924095064422598256e-01
2.532250638086449082e-02,8.585439912177934840e-02,1.251239114886894821e-01,3.094637057977917549e-01,5.479139262023779988e-01,3.214181456390851621e-01,6.452377738923710526e-02,1.756649184297408642e-02,-7.623942164273256328e-02,6.831681271488363461e-01,7.066328828116935634e-01,-2.881297536371522222e-02,-1.568525488609299745e-01,2.239179685230847580e-02,-2.926705947504212868e-01,-2.272277558282525534e-01,4.836674371899368774e-01,7.930456652022255248e-01
2.940388193684214529e-02,8.226065552515282597e-02,1.267097321980157898e-01,3.084274313929798450e-01,5.391830996753119720e-01,3.280660289774121052e-01,6.959984983356674870e-02,1.221474238733381325e-02,-6.674936521956058300e-02,6.838817120032201213e-01,7.096575207458879486e-01,-1.284155577767850769e-02,-1.119728057401201682e-01,1.522045258331446160e-02,-2.946259947376037580e-01,-2.241661530591359530e-01,4.830473707769946667e-01,7.934907289255359597e-01
3.045371422745626194e-02,8.097898338732172074e-02,1.256427265853856112e-01,3.006831670227845810e-01,5.250476479379774242e-01,3.219514224806368508e-01,6.760458097301516589e-02,7.538175644641237350e-03,-6.273947457402018202e-02,6.841571324514452712e-01,7.095414866739394588e-01,-4.531041238083986962e-03,-5.301798995639223078e-02,3.677715169373197996e-03,-2.960422398335795235e-01,-2.224471078518603373e-01,4.826559027205147290e-01,7.936997010373810779e-01
2.193484264843083287e-02,8.207491248966318487e-02,1.300689243702649045e-01,2.963577495223679859e-01,5.042290623592300403e-01,3.216377833890801674e-01,6.456851841238425704e-02,5.687072303119318321e-03,-6.213165354181268696e-02,6.846053696025726776e-01,7.115125846110411656e-01,-1.362116729397497283e-04,-1.023790971169195874e-02,-1.643754394328795620e-03,-2.968236741043180360e-01,-2.220674028338670558e-01,4.824251696741977402e-01,7.936660215819802966e-01
2.295439566075345439e-02,8.377552329878110160e-02,1.258795376573967062e-01,2.960314564040626428e-01,4.951430192241476069e-01,3.196958422126837673e-01,6.666592334597878922e-02,5.180459303645183755e-03,-6.229676755738554339e-02,6.852643937550402242e-01,7.131483193921110963e-01,4.798256490586371749e-03,5.100726529026119657e-03,-4.641412755421930013e-03,-2.972497425916998948e-01,-2.222624855193743865e-01,4.822863933664440772e-01,7.935305612661256447e-01
2.524341871368522214e-02,8.399787262593656767e-02,1.266017210411252147e-01,2.990268453072870702e-01,4.830774047192764598e-01,3.120934837138845119e-01,6.209917547828372464e-02,3.593282805738697711e-03,-6.248582903036055403e-02,6.859833112391133803e-01,7.124753711510098952e-01,-1.605895561702889041e-03,9.669826911019733032e-03,3.678516414508143685e-03,-2.975412178428583077e-01,-2.225687134118652655e-01,4.822879080396761386e-01,7.933263187721882881e-01
2.991682194969063832e-02,8.523887110636116371e-02,1.250565739892054440e-01,2.963116527106406384e-01,4.671500524084227224e-01,3.081056575699417377e-01,6.156951407294591894e-02,-3.797094160715597938e-05,-6.319946326094502687e-02,6.868311499835515477e-01,7.102768464328886866e-01,3.063560773441928453e-03,1.234398254888096486e-02,1.251504838519059554e-02,-2.978512363276802910e-01,-2.228853504465571622e-01,4.825354712983612737e-01,7.929740326805992945e-01
2.803272775271678854e-02,8.232076215220905657e-02,1.265176621491518050e-01,2.953300617785641347e-01,4.607706152089784957e-01,2.953418119462592473e-01,6.041709377976210021e-02,1.254095575338931654e-03,-6.290942745727429175e-02,6.872614141975772473e-01,7.077259731456504444e-01,5.032220069988761757e-03,3.868371449232108766e-02,3.041907123670185495e-02,-2.982458640617008383e-01,-2.234929368895339774e-01,4.831875062938316701e-01,7.922981107902632436e-01
3.537748642127495208e-02,8.217750049223289388e-02,1.242331583914874221e-01,2.929524605383914682e-01,4.464521320133146842e-01,2.914732951973756370e-01,5.664393416102028039e-02,-2.477486526942923421e-03,-6.371875276506576424e-02,6.861622012147176042e-01,7.063949882760984789e-01,1.087690270680646831e-04,8.874851519260935906e-02,3.791491978534646673e-02,-2.980634100777982964e-01,-2.249052513658112984e-01,4.845611809705482886e-01,7.912685462938885417e-01
3.728236937647878141e-02,7.793297837710255749e-02,1.245070276846911017e-01,2.840336313282023073e-01,4.368987937475842243e-01,2.969737294673129302e-01,5.629866000259187153e-02,-1.237843835098530665e-03,-6.697629823857159659e-02,6.848930847248044795e-01,7.076565008310837790e-01,-7.255675319446421197e-03,1.457893566602500857e-01,2.741219855655693469e-02,-2.969415157624886170e-01,-2.274362486198671096e-01,4.864146504873662624e-01,7.901792595155882060e-01
3.880672767016858649e-02,7.914731301544956910e-02,1.226541166250622594e-01,2.763675507661328967e-01,4.355886500495685931e-01,2.966750040501386354e-01,5.160989116267734877e-02,1.083718143758426178e-03,-7.284357343070414770e-02,6.844383792913684150e-01,7.105010637608540902e-01,-2.253221506220667511e-02,1.838064352003013768e-01,2.085040152396873143e-03,-2.947735363603992131e-01,-2.310432804420333719e-01,4.883703999504199200e-01,7.894246483107968393e-01
4.090413260376312560e-02,7.869899892492472626e-02,1.213155013668620608e-01,2.729735600203248569e-01,4.222472384907140497e-01,2.990159989986453382e-01,5.003356097341259134e-02,6.168749426372979738e-04,-8.155289336636477315e-02,6.832506347804219171e-01,7.147064841616782571e-01,-4.120523293197630998e-02,1.840642358224682806e-01,-3.113518407605413499e-02,-2.918420567397317922e-01,-2.350876494379055826e-01,4.900104003353703552e-01,7.893500039171866822e-01
4.148260239798871873e-02,7.454983393993627749e-02,1.244234207222444655e-01,2.723652628773345352e-01,4.253339171583396805e-01,3.118214221387877738e-01,5.182410575835152272e-02,5.416366516602821868e-03,-9.188970225755678511e-02,6.800910516893613478e-01,7.187266944331919261e-01,-5.864052737954785627e-02,1.468880640515362324e-01,-7.200068907081598468e-02,-2.886786545549194227e-01,-2.388599545703597171e-01,4.907591752933219142e-01,7.902149707245944565e-01
4.090503646281659633e-02,7.579896715184215872e-02,1.196795164800677908e-01,2.716390121278653424e-01,4.254694960163613593e-01,3.054392733621831280e-01,4.932403161643275635e-02,3.704909398843175654e-03,-1.008388424006448486e-01,6.773326008538369525e-01,7.228238328255974787e-01,-6.508333950959793723e-02,7.943083551839576206e-02,-1.303966363729234801e-01,-2.860971376670096156e-01,-2.418773176292480231e-01,4.898860117411273918e-01,7.920359559270646610e-01
4.168913419170833246e-02,7.247728513031236053e-02,1.212581063169662354e-01,2.764818889363978016e-01,4.355050430871219014e-01,2.987977170372304592e-01,4.365367184444166049e-02,2.272292799081339701e-03,-1.085542194136136368e-01,6.773594121308873506e-01,7.261576151531836665e-01,-2.147056525841160510e-02,-1.257053461078496900e-02,-2.015930756395438173e-01,-2.847343461711685508e-01,-2.438039013764338736e-01,4.867376632873399167e-01,7.947970487015298957e-01
4.220207420455680813e-02,7.537053796049383858e-02,1.256490535987599411e-01,2.767797104945185493e-01,4.366628865346265931e-01,3.022188235546428570e-01,4.328806085731001785e-02,5.201699991401916023e-03,-1.146941499867250580e-01,6.808753432633323222e-01,7.294101736304058337e-01,2.526886782059318062e-02,-1.105802416955947443e-01,-2.678121801279187975e-01,-2.852844723991374010e-01,-2.445361033156673580e-01,4.810447231760320852e-01,7.982941060811890033e-01
3.991033957446461083e-02,7.844637031947777894e-02,1.257136795210835878e-01,2.787184881642278400e-01,4.369471502069453006e-01,3.001968908520136758e-01,3.984345400450726993e-02,-2.225309851022699761e-03,-1.181792209936518429e-01,6.867033643758055916e-01,7.319751685110811312e-01,5.671633718799009433e-02,-2.212744605116348240e-01,-3.165775615306186119e-01,-2.874627185189769785e-01,-2.435595201764205464e-01,4.730194198794616112e-01,8.026157706838769057e-01
3.823548874837080086e-02,8.212552859665793459e-02,1.267052129027483875e-01,2.825698315910954994e-01,4.345225482959919061e-01,2.994439762604668709e-01,3.905031768508076401e-02,-6.103769049494652509e-03,-1.182283503134769070e-01,6.936777033667297365e-01,7.328973184377675087e-01,7.548049669185910582e-02,-3.480909333103640591e-01,-3.385160539478349606e-01,-2.911539093952428270e-01,-2.401960914841055061e-01,4.629485830088744258e-01,8.076369028544834183e-01
3.726564798398945139e-02,8.392240039497120274e-02,1.286173267303800383e-01,2.867863340755679724e-01,4.325778955424350314e-01,3.136268805981090591e-01,3.222572990179890101e-02,-1.103522404526788812e-02,-1.138654198320077360e-01,7.011493594524055295e-01,7.329092674783680428e-01,7.559767879284404191e-02,-4.789288554413556054e-01,-3.297426200315290434e-01,-2.962765320992016838e-01,-2.339304057355025279e-01,4.513085097283328628e-01,8.131334073234000037e-01
3.642099169851473195e-02,8.382071625145498528e-02,1.340915490877665206e-01,2.915871814381137406e-01,4.374524074178391952e-01,3.256161190129614469e-01,2.854837934272569724e-02,-1.166430994648823098e-02,-1.034705939048414375e-01,7.083166606361700479e-01,7.323303808998464781e-01,6.617944285419535833e-02,-6.043960314328464811e-01,-2.983718698858026097e-01,-3.025599915759097369e-01,-2.243597526166710432e-01,4.387121349182228069e-01,8.188600726125208062e-01
3.490386427725274826e-02,8.630406900088441469e-02,1.393777687620296746e-01,2.936095660702696120e-01,4.477347080101992116e-01,3.322192613281412799e-01,1.153504037911872414e-02,-1.665180420357707802e-02,-8.633122582541014056e-02,7.145414195223062093e-01,7.298633977778170578e-01,8.332408562906752636e-02,-7.215308589548155016e-01,-2.397820212610397572e-01,-3.098284986730344137e-01,-2.113777397576009354e-01,4.258469191476558224e-01,8.244540594490448182e-01
3.275042008234260726e-02,8.863466957027615889e-02,1.410508118700165014e-01,2.952139158901921911e-01,4.728158928851463605e-01,3.363422144005788206e-01,1.783087061611623308e-02,-1.446582108274175119e-02,-6.251733104648968253e-02,7.189378764441384240e-01,7.243224005207637983e-01,1.000118183657403015e-01,-8.458382326134811224e-01,-1.594275504133424448e-01,-3.183519816395349866e-01,-1.948267191802279807e-01,4.132056036975175206e-01,8.292392328710233018e-01
2.910922388540850003e-02,8.922127409598303027e-02,1.437465714970131703e-01,2.875998072236977676e-01,4.705933034726452191e-01,3.286273254496216989e-01,2.646634001304026124e-02,-9.132148808171028018e-03,-3.089133127717600888e-02,7.221327635187919647e-01,7.154721609079366385e-01,8.772592608914245305e-02,-9.556048098745447694e-01,-6.481552332324447274e-02,-3.278023816416882341e-01,-1.744700752852428316e-01,4.010920154522072956e-01,8.330001008124122697e-01
2.673343036334288950e-02,8.821347125135561851e-02,1.420965767948899894e-01,2.874285259330637832e-01,4.863981828817527386e-01,3.236176866457226575e-01,2.600220838907955564e-02,-6.468928107099580598e-03,5.483473983087070944e-03,7.191886087919491244e-01,7.038122179631246533e-01,5.269388629930902429e-02,-1.055162923182625612e+00,5.239482155269273300e-02,-3.371853500298721551e-01,-1.499425532020536855e-01,3.896271609958736892e-01,8.361601964205431781e-01
2.271758458874236289e-02,8.703574290467445962e-02,1.465977948812079434e-01,2.952726667286681983e-01,5.068723981611249485e-01,2.930812604535120158e-01,3.673372693101789599e-02,-2.228021428183160103e-03,4.825773112801983594e-02,7.091236158863218897e-01,6.898824016899930411e-01,8.338658274959276362e-02,-1.170758759111659275e+00,1.847887617357372170e-01,-3.471465031959426462e-01,-1.212953823596871761e-01,3.794690455468358037e-01,8.376274786542083906e-01
2.041726329764212769e-02,8.579700407188353695e-02,1.490129062720998154e-01,3.120817335461892883e-01,5.292108227382945618e-01,2.849356826635728313e-01,3.740845771443884055e-02,3.331163680230197089e-03,9.671010323970848088e-02,6.983620235393961373e-01,6.702552137317824288e-01,1.575566430232580029e-01,-1.244978897206258317e+00,2.820673326349145693e-01,-3.588405362586280511e-01,-8.997990437955413756e-02,3.709367275194894731e-01,8.364836176917480604e-01
-6.232117035088464811e-03,8.332178605393542048e-02,1.527042666465019405e-01,3.350374938568840277e-01,5.764320351281730925e-01,2.998439338916306096e-01,2.739369940190814270e-02,9.436731586470698679e-03,1.501512985545772894e-01,6.873179993237276131e-01,6.462660828161190807e-01,2.507114055241844719e-01,-1.297341468642269735e+00,3.638376036360502774e-01,-3.723956833831257307e-01,-5.729626813142972563e-02,3.640394460610234528e-01,8.328405881794879173e-01
-2.902247113899687064e-02,7.504469677171519970e-02,1.565913125059819333e-01,3.546001672808243299e-01,6.177429131673621843e-01,3.174104345959658513e-01,2.498355923581035976e-02,1.883144258831582693e-02,2.083820841022804571e-01,6.765061913805586746e-01,6.171175339234107327e-01,3.324971004941678632e-01,-1.333575175823229042e+00,4.346378271834430151e-01,-3.879065291594819831e-01,-2.386967953315331445e-02,3.588273592837798454e-01,8.265511506759519733e-01
-5.914447795518801287e-02,7.206060610665923627e-02,1.588622583778441233e-01,3.750630843220282284e-01,6.696393365113531004e-01,3.520621310586594666e-01,3.807595762543194984e-02,3.629897072629521826e-02,2.687713008930314729e-01,6.653698830455402335e-01,5.844364634947786241e-01,4.402629686532872344e-01,-1.351664085989627617e+00,4.943353972072600522e-01,-4.050655508949306260e-01,9.672758618457726054e-03,3.551206608813478605e-01,8.179252318047955939e-01
-5.392198034419504182e-02,6.979869882533179526e-02,1.577007994941255486e-01,3.972993728261547952e-01,7.214087676583302855e-01,3.981001919475359307e-01,6.396474056466118496e-02,3.341475648664849613e-02,3.306418530848593273e-01,6.536185941291939860e-01,5.489842031708083159e-01,5.100406030972129967e-01,-1.347681897668977502e+00,5.496908195335551417e-01,-4.237468890228717200e-01,4.288005303007509650e-02,3.529278128092076527e-01,8.070719591580791663e-01
-6.492330081359645733e-02,7.008748179291786340e-02,1.574603729859005430e-01,4.162772494424951120e-01,7.604920850602240323e-01,4.350088244667628112e-01,9.095126032433883956e-02,4.813003380678893689e-02,3.942183036391352924e-01,6.408499085947622076e-01,5.095324705796726583e-01,5.592729101022989591e-01,-1.322746748447086729e+00,6.087243576517908927e-01,-4.433876697022696156e-01,7.550127794375105506e-02,3.524621471174064213e-01,7.943066858872322999e-01
-4.705129574918585911e-02,7.083045393487635843e-02,1.585440999910200377e-01,4.386717132809804243e-01,8.006988992655903470e-01,4.669719921748876068e-01,1.318084011186821947e-01,6.356568679255089616e-02,4.588657733655976401e-01,6.315085239122868455e-01,4.673156213659007685e-01,5.924144119962421184e-01,-1.264734998187182713e+00,6.589387908810291350e-01,-4.636941208253220204e-01,1.069742134309077247e-01,3.541546894060538797e-01,7.797029343560570869e-01
-8.442451182190030545e-02,5.776517131685909856e-02,1.521529126238806706e-01,4.361983029811392076e-01,8.321622329171421972e-01,4.913210512165179789e-01,2.110194450587630777e-01,1.190535940855345642e-01,5.201908172906644090e-01,6.156893273144259382e-01,4.299005583065680369e-01,6.289051185542332556e-01,-1.173316533893670410e+00,7.027340487116979784e-01,-4.832535116889404847e-01,1.369763574842577381e-01,3.578255638499537872e-01,7.643471944629139925e-01
-1.646501375495097452e-01,3.355304692183059406e-02,1.364809004956342997e-01,4.285159529561072267e-01,8.442667133613127595e-01,4.286262237606313641e-01,3.076184775401172855e-01,1.733104453476819184e-01,5.824883254910624419e-01,6.144771909602698701e-01,3.878089271380989467e-01,6.900006610272364505e-01,-1.067843028065613709e+00,7.444074091137626858e-01,-5.037302607603617588e-01,1.640419538910904695e-01,3.645532901278457083e-01,7.474374207184005803e-01
-1.515446332036127775e-01,1.951250038511109786e-02,1.170176515675765694e-01,4.304890772698485857e-01,8.500193243071703098e-01,4.273016183177601457e-01,4.033516130482400763e-01,2.274782664930616871e-01,6.402295953837449094e-01,5.989327729200234485e-01,3.488627080910526312e-01,5.573933893270143214e-01,-9.231730108588745987e-01,7.730294878240786538e-01,-5.211344191011386684e-01,1.898313283414166941e-01,3.726526585980108885e-01,7.311529320633667339e-01
-1.103987094416833820e-01,2.691239445593138907e-02,1.183323145608595750e-01,4.459848368826668796e-01,8.663384995177065839e-01,4.369195825058141969e-01,5.025049512147217179e-01,2.847377375308612901e-01,6.895114382931633035e-01,5.801693722191190172e-01,3.161872665493150603e-01,4.088914172624258936e-01,-7.505545617890199139e-01,7.629612417697100302e-01,-5.343212862468117441e-01,2.135419163146961841e-01,3.814723326197358433e-01,7.163606285707646570e-01
1.043044486351609942e-03,4.869856115142626868e-02,1.200573295644213889e-01,4.734151514376019887e-01,8.897127465701615279e-01,5.145863832530287452e-01,6.172909836406235140e-01,3.421987691375862894e-01,7.346544199204755321e-01,5.598737786302833142e-01,2.922444011338286574e-01,2.645198638684516657e-01,-5.539264016281298941e-01,7.344663607245660586e-01,-5.431997334622941098e-01,2.342821954105262783e-01,3.908187381556270656e-01,7.032633284757706660e-01
1.899947796158228952e-01,8.727933291958657469e-02,1.276199182648676267e-01,4.934518989350911156e-01,9.032123334633745948e-01,5.918473512852318041e-01,7.077623036689271174e-01,3.983338395128598886e-01,7.723178946461798366e-01,5.371145595010745621e-01,2.766419660576079909e-01,1.168251462773150784e-01,-3.584780749284385282e-01,6.896969891210941173e-01,-5.474416242544891675e-01,2.516748484147996456e-01,4.006072749119848342e-01,6.920689330030210806e-01
3.730651038843159628e-01,1.272746441064391554e-01,1.333454134391208468e-01,5.175076557138681421e-01,9.211096465812826928e-01,6.841797171046455350e-01,8.072274732088584592e-01,4.492016712539932399e-01,8.003602685117117144e-01,5.116986538862505762e-01,2.682403586055149280e-01,-2.662136960837133137e-02,-1.870132185416134296e-01,6.122756764011272335e-01,-5.471160532846857105e-01,2.657368486001576713e-01,4.103377164204653482e-01,6.831368179607685276e-01
5.719430191390770801e-01,1.639211575001576493e-01,1.377630245629921091e-01,5.378264072360422476e-01,9.292163584319222958e-01,7.630780258122232818e-01,8.917328715546837259e-01,4.914064658970715982e-01,8.207464674290688711e-01,4.869323415695356316e-01,2.656595139643733727e-01,-1.601112128247295929e-01,-5.539227960250209248e-02,5.090903263671743284e-01,-5.430189794463244901e-01,2.768031299025985881e-01,4.190668295150795641e-01,6.769103402983788209e-01
7.610027654254388763e-01,2.053206137265874975e-01,1.448967321425632671e-01,5.542124680165357864e-01,9.252768887473405979e-01,8.424201293150583858e-01,9.607176541637201250e-01,5.241230001262698890e-01,8.335306570905611778e-01,4.626380657327478496e-01,2.675151703439364592e-01,-2.763504485971198799e-01,4.259258888312455332e-02,3.876103464784273478e-01,-5.359827176631064560e-01,2.852430252272165623e-01,4.260841869348550581e-01,6.736626149766976601e-01
9.653404412927305556e-01,2.391737507155337894e-01,1.516792904798584529e-01,5.742672926950945778e-01,9.318660212471915338e-01,9.151532154188658508e-01,1.019008428381537490e+00,5.516450563751330582e-01,8.423343843222071969e-01,4.390240458147839919e-01,2.751781592078254013e-01,-3.786382037686564228e-01,1.094975592070078496e-01,2.545521740785178788e-01,-5.268426841892506207e-01,2.914905722423819512e-01,4.308174324540879896e-01,6.734725085106205711e-01
1.167750637728481866e+00,2.776578095649719913e-01,1.567883537796399829e-01,5.901901257106808574e-01,9.251616467180223680e-01,9.730047141366933161e-01,1.059304724633198136e+00,5.701429838340767997e-01,8.451203870777941329e-01,4.201670278371072431e-01,2.860539587072690737e-01,-4.554603854389721596e-01,1.547777245840036564e-01,1.126144027819229315e-01,-5.164521057972215612e-01,2.957303577118371996e-01,4.327002886501777890e-01,6.761983408897203063e-01
1.335395703390327871e+00,3.233234805238156540e-01,1.624008665722085354e-01,5.944391671210785821e-01,9.089613289730182899e-01,1.019849469230798222e+00,1.079626187732532827e+00,5.787459143050757149e-01,8.442252459329615544e-01,4.056799517614173567e-01,3.006488230293690167e-01,-5.113490364025695678e-01,1.709656806677577467e-01,-1.568397289387728905e-02,-5.056280496641686328e-01,2.984632182652054988e-01,4.315270097608631117e-01,6.814314893942432505e-01
1.514296977774655995e+00,3.587732845307299856e-01,1.741370244520871191e-01,6.072355516706864353e-01,8.978732380344830455e-01,1.061746499866167426e+00,1.086743625849141193e+00,5.809838693214859351e-01,8.412214941317176509e-01,3.960646772929425907e-01,3.176887474403302658e-01,-5.489074021028678141e-01,1.874224544942841575e-01,-1.042011285537727816e-01,-4.944157303073962173e-01,3.003078945956997314e-01,4.279748681022737533e-01,6.887717421910889426e-01
1.657767881121719578e+00,3.942529158864089833e-01,1.781203313007624633e-01,6.079473406752999853e-01,8.793920319680286202e-01,1.093196727561444037e+00,1.079700304174918024e+00,5.730773622511915466e-01,8.361842328755241249e-01,3.883310804618677614e-01,3.360875542743120836e-01,-6.129399086179924128e-01,2.185756665858744063e-01,-1.235730324924936008e-01,-4.823952927362277210e-01,3.015669899105379859e-01,4.234068786608073953e-01,6.977193675125802352e-01
1.807361977626566585e+00,4.249750851141091967e-01,1.756351708332260786e-01,6.088674691917400628e-01,8.523747810005326553e-01,1.117966532992467954e+00,1.061332984349201647e+00,5.569665265524819109e-01,8.307738850458651347e-01,3.766168236961435212e-01,3.581957975717885989e-01,-6.775603287508789041e-01,2.265666846279117408e-01,-1.066343097173008680e-01,-4.688462353086542134e-01,3.031890349181620703e-01,4.189709059795459489e-01,7.078865464123066387e-01
1.929347247413416788e+00,4.493227883671593315e-01,1.801449755805520914e-01,6.004620319239259985e-01,8.198824038165967165e-01,1.127560544915604979e+00,1.030293108664203983e+00,5.435731430980522694e-01,8.249038941626869459e-01,3.625890944167677876e-01,3.840994906746041937e-01,-7.266492128768105019e-01,2.281112849367916695e-01,-5.857101936409199461e-02,-4.541551467668217823e-01,3.056301246087546608e-01,4.152885841959452762e-01,7.186702546255059332e-01
2.029159950759410247e+00,4.660324306887978496e-01,1.807785807770397879e-01,5.934196141087560994e-01,8.019769559672075276e-01,1.126310055915118680e+00,9.811787634868172070e-01,5.248406642147310786e-01,8.194177044885541106e-01,3.468639101052856666e-01,4.111235297742344974e-01,-7.515997860675490694e-01,2.324910911556557491e-01,1.525190145486070292e-02,-4.386586258546180672e-01,3.088421154274050284e-01,4.130652299124247806e-01,7.295756780027038424e-01
2.096417910646778182e+00,4.775096329498551562e-01,1.807026566165476633e-01,5.801816944115246732e-01,7.737684187672284608e-01,1.106318049440776941e+00,9.236793178703190943e-01,4.976227565373630979e-01,8.174555436438024625e-01,3.287049234787313146e-01,4.387352937923347795e-01,-7.404426478747975215e-01,2.495179508956917036e-01,1.132908539870958187e-01,-4.227231308129191234e-01,3.126987473553058394e-01,4.130915215721577827e-01,7.399291603243302040e-01
2.128630995383189450e+00,4.836228836580501733e-01,1.762859493517298926e-01,5.636541796891617606e-01,7.436834701722297991e-01,1.070273054247147693e+00,8.521384218580483338e-01,4.610544269517705129e-01,8.143775300365115877e-01,3.089008699691504489e-01,4.684490520559350668e-01,-6.873874000196306122e-01,2.857484530961111324e-01,2.256206144348316400e-01,-4.067313167405341434e-01,3.164602574180087058e-01,4.160017150760695337e-01,7.490436388019299230e-01
2.128146978860052219e+00,4.787700643999295846e-01,1.682904121646678908e-01,5.401479692148992706e-01,7.035815036170668391e-01,1.024539141929766473e+00,7.954479300944128362e-01,4.282574492668127508e-01,8.108167159375126998e-01,2.882487308341271648e-01,4.988127986272509196e-01,-6.280764307734220120e-01,3.483765772009700390e-01,3.450494067781331720e-01,-3.906252175167436169e-01,3.194606013622205420e-01,4.222945122079626579e-01,7.562331056714923783e-01
2.094363890947750217e+00,4.681140180889565294e-01,1.643369326647573514e-01,5.233944897291670229e-01,6.619813906807647808e-01,9.758496105075136207e-01,7.104625825911909942e-01,3.861199921232184029e-01,8.051632890711715174e-01,2.666915259379045722e-01,5.307956401999572860e-01,-5.309591104576510956e-01,4.348786013464921441e-01,4.540311644295235149e-01,-3.742012504082449231e-01,3.207057095850784911e-01,4.319854481735610485e-01,7.614206418783158181e-01
2.028624866199751686e+00,4.513745484185532342e-01,1.627438810830032223e-01,5.174470971572850964e-01,6.579836220872339325e-01,9.232522444675510531e-01,6.168657179559622339e-01,3.390004638768561174e-01,7.937740264593049488e-01,2.443930855148340187e-01,5.636823131288422051e-01,-3.679646170148410111e-01,5.389160755814532688e-01,5.379611916918892733e-01,-3.578579613350683086e-01,3.189452798986779913e-01,4.449349263252377895e-01,7.643078069913575856e-01
1.928752056226701761e+00,4.303286422878563888e-01,1.625622054132542793e-01,5.095984370664131680e-01,6.400976072074944234e-01,8.691571839759762996e-01,5.228621167466687147e-01,2.960355237698032438e-01,7.802424786220620856e-01,2.276637374070883957e-01,5.973053827168938179e-01,-1.236525560721361272e-01,6.433453586873999486e-01,5.714750722622956580e-01,-3.432669677417306553e-01,3.125426010299460211e-01,4.608910602063729378e-01,7.638704475095251523e-01
1.795107456579518868e+00,4.036245784823904170e-01,1.593837850517006438e-01,5.061832056328484652e-01,6.381845895208093644e-01,8.429032419791420150e-01,4.132777931735299726e-01,2.499861646427583572e-01,7.598749439086183166e-01,2.208331819129789320e-01,6.262726715763582419e-01,1.083495752399228351e-01,7.810755914691428492e-01,5.386520653094910571e-01,-3.307174528097928112e-01,3.001239717228636472e-01,4.788089336128561468e-01,7.607632312385332884e-01
1.626821102919230544e+00,3.709681508802483707e-01,1.591198582080852186e-01,4.925480398816136640e-01,6.461299625304033345e-01,8.141713703871993335e-01,3.154092906515665873e-01,2.022027519216168523e-01,7.324856196752534965e-01,2.201703557930477229e-01,6.538603893846546278e-01,3.249149177822335255e-01,8.889748669432294692e-01,4.936755718386373615e-01,-3.195609414821934391e-01,2.819112200287169356e-01,4.976883558659958018e-01,7.560432748533141289e-01
1.456859446503321553e+00,3.338353613157590272e-01,1.533234100981339942e-01,4.761493250743713546e-01,6.494891547026524492e-01,7.677948142827955014e-01,2.403691043137576866e-01,1.620022647296248952e-01,6.987677971578107883e-01,2.243365221142125110e-01,6.773480062284957803e-01,5.175434625407884237e-01,9.907307956564498364e-01,4.270874939656227331e-01,-3.096762508791199298e-01,2.586069753978306185e-01,5.168282505573246199e-01,7.500306567178932626e-01
1.269631370588832020e+00,3.011906838813122045e-01,1.444000615926774034e-01,4.592331509590132921e-01,6.458529297305123373e-01,7.265847165280691078e-01,1.794824468943528872e-01,1.244731329701856681e-01,6.553310595263525107e-01,2.341506345434265501e-01,6.977096157978399660e-01,6.949791976731840570e-01,1.090368232232889589e+00,3.433930327729292076e-01,-3.005774837886675543e-01,2.303060364692945117e-01,5.355131801098137467e-01,7.433338410126207885e-01
1.082573220176396012e+00,2.613273361162672948e-01,1.349515709771503813e-01,4.430373525092767273e-01,6.284206520956187036e-01,6.638338498108670160e-01,1.297751701778845912e-01,8.504047404412282130e-02,6.039927966047995422e-01,2.501558312898111147e-01,7.146062010977942691e-01,8.207726807458790574e-01,1.180769716138879710e+00,2.516188156395038900e-01,-2.921170816103105805e-01,1.974075210434464434e-01,5.533514068633115235e-01,7.362633004822387583e-01
8.572488409464100734e-01,2.169880783184018336e-01,1.270161404171446518e-01,4.165841095911507752e-01,6.116468357811830625e-01,5.920538830789514595e-01,9.311871433457788449e-02,8.003083524022377993e-02,5.485678630454166038e-01,2.709404961478599771e-01,7.287457180958470948e-01,9.419700214132761262e-01,1.254242292522580016e+00,1.568839977324764101e-01,-2.840025539178154257e-01,1.606443170387946151e-01,5.700671701132101754e-01,7.293840533097442069e-01
6.453372781405033454e-01,1.689552004985005740e-01,1.179535976174525130e-01,3.931845544851985119e-01,6.035731147859954016e-01,5.075859948838454816e-01,8.540834467888812342e-02,7.973979262500405230e-02,4.854710529059954593e-01,2.958493081801679692e-01,7.409147790474092110e-01,1.035441476053787557e+00,1.311791724339623766e+00,4.731953455670118158e-02,-2.761513517178110222e-01,1.206367310853016794e-01,5.851422017362483130e-01,7.232163745538500166e-01
4.035233462684006955e-01,1.168391394045146803e-01,1.029432103163516743e-01,3.551036167736112414e-01,5.801740116095699396e-01,4.141834599451144072e-01,9.569471263698879626e-02,9.803299600833516314e-02,4.158380681818085733e-01,3.194173588551599274e-01,7.536252500410636213e-01,1.089877068965171558e+00,1.337154137529721121e+00,-6.207806931972270625e-02,-2.678873067627439708e-01,7.847831793466696071e-02,5.978430615507555057e-01,7.186917831302325199e-01
2.375278233791510152e-01,8.478965315678278769e-02,9.161424094006467844e-02,3.394826726818863660e-01,5.634092338856693249e-01,3.180955597585016781e-01,9.823365271820710953e-02,9.102492483719738792e-02,3.476287968323309441e-01,3.496157939060997033e-01,7.621230917085726198e-01,1.078754184001938787e+00,1.316586174915818752e+00,-1.868900271021166071e-01,-2.598926744704829761e-01,3.525305409075927404e-02,6.077151350531091456e-01,7.157530582263058605e-01
1.875417061446849054e-01,7.838264825620755438e-02,9.751372898211235762e-02,3.462082878988124723e-01,5.717044003489590853e-01,3.443427228124347761e-01,9.591389845745715292e-02,8.911958995246681281e-02,2.700054590327574111e-01,3.643678720516397296e-01,7.757848939636030616e-01,9.509193286367012554e-01,1.266015187601532421e+00,-3.648035046462201336e-01,-2.491681990352292153e-01,-6.573931932168428256e-03,6.118066592487474420e-01,7.166944673544390909e-01
1.342628303784002552e-01,8.499618495050242917e-02,1.130402198027488231e-01,3.510457415530240377e-01,5.836050605765706889e-01,3.499023598503749333e-01,1.039871675231181514e-01,9.103893465252628492e-02,1.937892935806153905e-01,3.909670289431347867e-01,7.874211363320173795e-01,9.334565915432581074e-01,1.169177501837855848e+00,-5.341590832153165769e-01,-2.385833509748216119e-01,-4.773666909450795942e-02,6.106034058336671233e-01,7.204818024529895393e-01
1.287705308399442750e-01,8.818545162069781063e-02,1.169711028263224761e-01,3.560016007432412199e-01,5.958175521776317707e-01,3.968546741718438908e-01,1.179016257218775399e-01,8.949785496634715676e-02,1.229367660721479710e-01,4.184115063928257605e-01,7.965437844448191029e-01,9.143042287715107408e-01,1.049541387315888752e+00,-6.572671932182612142e-01,-2.291160416373382580e-01,-8.723779522385928520e-02,6.050982800375376280e-01,7.263319462996571385e-01
1.253313471414624625e-01,9.344003622808924603e-02,1.239095768503424982e-01,3.512409751085752152e-01,6.002084994594254486e-01,3.997221670190013176e-01,1.150969510789368599e-01,8.874268072716670619e-02,5.326783547375743555e-02,4.450987998028008708e-01,8.027752584942678959e-01,8.709394398895883294e-01,9.175502731244351562e-01,-7.613883975698234607e-01,-2.208153888662213182e-01,-1.242963867884625540e-01,5.958492650102478194e-01,7.338941305060155962e-01
7.979537995679278350e-02,8.915303273744545898e-02,1.240383767654630320e-01,3.550927704649695649e-01,6.104550976191730483e-01,4.046500065785605948e-01,1.306537211778648344e-01,8.363180970927819313e-02,-1.400738628463418095e-02,4.704360985059047873e-01,8.087118578723646589e-01,7.782445920961170716e-01,7.776636893732860045e-01,-8.594882447323139996e-01,-2.131646062011476883e-01,-1.582872879821875800e-01,5.832400000341591007e-01,7.432199442706003412e-01
5.757852442231592427e-02,8.465633394639490716e-02,1.269207832870027919e-01,3.536836542005981077e-01,6.259901751008176696e-01,4.121615272424853926e-01,1.265990094639647956e-01,7.552826136532567181e-02,-7.640147433385410802e-02,4.923742407915245867e-01,8.140140224460070684e-01,7.088793985854014990e-01,6.349204664047929381e-01,-9.489999459159532691e-01,-2.059916454240910688e-01,-1.888087974196338281e-01,5.674540341834403145e-01,7.544217718611168078e-01
3.487403692848786707e-02,8.366977178952422767e-02,1.353474612425735191e-01,3.475152680901409386e-01,6.281748024330727764e-01,4.234968236321466906e-01,1.245960578014586595e-01,6.773564053576941468e-02,-1.334978416675063340e-01,5.146332790063334883e-01,8.171956766988383025e-01,6.365287657019005341e-01,4.870318474910008133e-01,-1.020786502224456882e+00,-2.003216244400591595e-01,-2.159961299537319079e-01,5.486056011804770760e-01,7.669792110305446720e-01
3.410801638066571218e-02,8.171156115016522947e-02,1.412342952578724553e-01,3.508093824105396608e-01,6.429524460279031350e-01,4.206745237376632307e-01,1.190011702604329424e-01,5.507076747844268788e-02,-1.837445942935290177e-01,5.384966487384847955e-01,8.176676638025647259e-01,5.708106397341465854e-01,3.267495688299615342e-01,-1.064107422935241409e+00,-1.964258606346645231e-01,-2.394770528010178867e-01,5.271515449406009024e-01,7.805232229648322306e-01
2.369781973223864663e-02,8.534100717940412695e-02,1.445550734203488175e-01,3.472549566827394796e-01,6.432529791631843574e-01,4.125253305115100244e-01,1.102509107637172636e-01,4.434015279555782174e-02,-2.287923786056424436e-01,5.637499585239782451e-01,8.142468312329166347e-01,5.150950577196961033e-01,1.615975225500425327e-01,-1.060206160373220019e+00,-1.947480627125023345e-01,-2.587192972157447701e-01,5.037338888277164139e-01,7.945022565120686275e-01
7.245777240841196065e-03,8.468751708373990772e-02,1.481763847181064020e-01,3.397569939046168330e-01,6.339215382950826871e-01,4.053816804823506814e-01,7.264359519615221084e-02,2.891037489364341878e-02,-2.641265310572292746e-01,5.828586963734821991e-01,8.085798259113473607e-01,4.618364939115381929e-01,-2.584015560180744076e-03,-9.994533505066872658e-01,-1.951729167002720366e-01,-2.730225943732306204e-01,4.796855215479005619e-01,8.083861988284793965e-01
2.145579735008773872e-02,8.147203850099370148e-02,1.475748665180171282e-01,3.489230285659321584e-01,6.461774151307108083e-01,3.995413952083057274e-01,5.179518226864020247e-02,1.951024073747743143e-02,-2.887323213450485038e-01,6.005917638916838941e-01,7.983453738844742409e-01,4.411331208698314188e-01,-1.391694693553784390e-01,-8.937655116050342574e-01,-1.982153510693168974e-01,-2.826861536449725154e-01,4.561663514462226954e-01,8.211666318284938093e-01
2.328204456763902780e-02,8.048547634412300811e-02,1.469308669424143898e-01,3.447431323731254271e-01,6.335527638012639073e-01,3.854023280347572689e-01,3.928622489803833273e-02,4.298744796977846741e-03,-3.059007720067681846e-01,6.171634044139810982e-01,7.838575077895711951e-01,4.162310230097569508e-01,-2.573581345410769772e-01,-7.586641641110284384e-01,-2.040227764712103098e-01,-2.881882296577857883e-01,4.340353824823203754e-01,8.321545937152079464e-01
4.823578531604583164e-02,8.194656450406939685e-02,1.455312411981044829e-01,3.385056010450773201e-01,6.244368933174165859e-01,3.258018620484510186e-01,3.537658256222143971e-02,-2.561545418916380892e-03,-3.124838539823217021e-01,6.260550212831030858e-01,7.720260812992791877e-01,3.745668769267438414e-01,-3.745374311680352841e-01,-6.204005023806994368e-01,-2.120402168133388443e-01,-2.891875103799321778e-01,4.139476107712625752e-01,8.415767093469631588e-01
5.208215751811934302e-02,7.819826100929820611e-02,1.452551122572671161e-01,3.353059399957669107e-01,6.296865067000139149e-01,3.061695914773929772e-01,4.117935768554696618e-02,3.045544219331295602e-03,-3.115975511774374263e-01,6.389636883468856610e-01,7.536884515781248073e-01,4.196737730433090507e-01,-4.551206575017578970e-01,-4.720179158412171061e-01,-2.235237422710937560e-01,-2.870174588774179192e-01,3.957204757265616601e-01,8.484880179172900050e-01
5.847786418052612623e-02,7.470213419044724468e-02,1.387839333638949679e-01,3.407150845013029450e-01,6.442196564208786391e-01,2.924218952740001987e-01,3.250908971506401290e-02,9.248728903347377267e-03,-3.018421470510093130e-01,6.515815295877843694e-01,7.302135244178968865e-01,4.647239810665771964e-01,-4.952846723808799201e-01,-3.246787507787099458e-01,-2.381148176400652294e-01,-2.828044260210970662e-01,3.798742689200514944e-01,8.526253660449520932e-01
4.872386920492369211e-02,7.175239016942341896e-02,1.380373457857225761e-01,3.448710284291925388e-01,6.490304462330125368e-01,2.980579084019590597e-01,5.003446483246597881e-02,1.689537649576700398e-02,-2.853239809542102434e-01,6.641505377660630316e-01,7.052116876232266129e-01,5.097769934478176834e-01,-4.900301067859454962e-01,-1.828797952017434114e-01,-2.551019136983072588e-01,-2.776367564181735914e-01,3.668883438828245969e-01,8.538610810449398514e-01
-1.902488614848229370e-02,3.934994696130853647e-02,1.336757739231668740e-01,3.443766175269403207e-01,6.578584376083274066e-01,3.036848829393832827e-01,8.293990560384105482e-02,1.818925073082004046e-02,-2.665719861556971049e-01,6.786721278061323970e-01,6.803803468500195795e-01,6.055233833377066111e-01,-4.395410467867065241e-01,-5.262477890642045658e-02,-2.739873633123315333e-01,-2.728534805678137221e-01,3.568437990658667736e-01,8.520472416069730937e-01
-7.800620868315649714e-02,1.880161523955107064e-02,1.310414767118067147e-01,3.397841096762211910e-01,6.684738102618937861e-01,3.084631338255920396e-01,1.622856245428900834e-01,4.903524864884665352e-02,-2.457229841079677790e-01,6.936380049012630389e-01,6.528236866720447118e-01,6.895225179929609371e-01,-3.568966173433515410e-01,6.751491818285629276e-02,-2.943627689908374645e-01,-2.695941245947905407e-01,3.497353914090113869e-01,8.469769563367350873e-01
-1.170018517568630345e-01,1.674488396336301296e-02,1.316786973445083220e-01,3.434379598999039440e-01,6.790322397950910860e-01,3.542241619145776732e-01,2.214459111701528315e-01,8.207265284202946987e-02,-2.259237200898673581e-01,7.143501361202937439e-01,6.217438370601028330e-01,7.897693014945224022e-01,-2.899529869417073469e-01,1.538911468421928774e-01,-3.163511909893290119e-01,-2.685494172341548191e-01,3.448844501054458833e-01,8.389935274030132506e-01
-1.026106079073943328e-01,2.373849338964515582e-02,1.277541413343090404e-01,3.490432418200446474e-01,6.889502851888997803e-01,4.129555674209652860e-01,2.949843356906088898e-01,1.235254367526145564e-01,-2.055438413262163089e-01,7.388732706479248513e-01,5.888211195046126889e-01,7.991847330751988832e-01,-2.274264206577019942e-01,2.104814882327137315e-01,-3.392669275709332410e-01,-2.691062216499630622e-01,3.417924728204213558e-01,8.291664260725040148e-01
-8.581057968040801953e-02,3.504215471243475599e-02,1.250195157680129010e-01,3.506923326631143367e-01,6.887378783113324854e-01,4.730504443095238098e-01,3.572837248105990016e-01,1.551229934736077232e-01,-1.869931039222830216e-01,7.627988543931211174e-01,5.569142679049825517e-01,8.367873675692025781e-01,-1.709720906288371145e-01,2.488110523753914449e-01,-3.617555280032764831e-01,-2.708233953091847557e-01,3.400565245766183908e-01,8.187004878216139758e-01
-4.668749248016128978e-02,4.132668671126381310e-02,1.193880219353213173e-01,3.572091564386871143e-01,6.994933491181882790e-01,5.239860654796680839e-01,4.111401665120558158e-01,1.853164051550235669e-01,-1.694678114571707139e-01,7.887081763828313052e-01,5.248355377502658126e-01,8.301987288245933350e-01,-1.375006760505826098e-01,2.809758364498430860e-01,-3.845159495599114741e-01,-2.736067580256047460e-01,3.393452060838650364e-01,8.076103675701682416e-01
3.250773392648369231e-02,6.030953455239825012e-02,1.133303585589151008e-01,3.526559664567942010e-01,6.998173825888598376e-01,5.555922088616691568e-01,4.437053043497965477e-01,2.162961742129648479e-01,-1.504573816235175998e-01,8.226992961718637698e-01,4.910054337521373435e-01,7.533068388275381277e-01,-1.046602420160929608e-01,3.412380839825088774e-01,-4.069803084931655213e-01,-2.767243176111680025e-01,3.401649416472342091e-01,7.962098795504319870e-01
1.350916691304391848e-01,8.294442489910851257e-02,1.082737190842352343e-01,3.591379916588081089e-01,6.930483821373667475e-01,5.943275405279742074e-01,4.933118007818022566e-01,2.466441457925253600e-01,-1.303633910626676162e-01,8.441220002970275527e-01,4.604212718203199439e-01,5.902007719996875679e-01,-3.822520196385176261e-02,3.779379155207192031e-01,-4.257702687663442731e-01,-2.783480442798360044e-01,3.432563241618306060e-01,7.855258284478899844e-01
2.364770872294835458e-01,1.062160839489936920e-01,1.056620183492120030e-01,3.618152221752084508e-01,6.863390363834032115e-01,6.279691744984067237e-01,5.374065647057020279e-01,2.741765964205035155e-01,-1.138364360021209276e-01,8.636635205467996235e-01,4.360458215093688805e-01,4.298289541948188131e-01,2.043755996819061893e-02,4.018833266896756906e-01,-4.404860440380726772e-01,-2.793233754817854297e-01,3.481035533682080851e-01,7.757876569396749966e-01
3.383880428769416859e-01,1.298726174820907797e-01,1.009295253275877546e-01,3.647437255084837182e-01,6.897034822364167539e-01,6.841010248758193635e-01,6.000571595591729368e-01,3.107869554520900635e-01,-9.987495724021017152e-02,8.885315231491419663e-01,4.028387217252122898e-01,2.827232018556851134e-01,1.679662695829353680e-02,4.031666459678426850e-01,-4.583693944185283087e-01,-2.846463777295553665e-01,3.517242213294763387e-01,7.635466763646940880e-01
4.468132270282003660e-01,1.542951715630077048e-01,9.673302072467332424e-02,3.679207136521989718e-01,6.923302760884285645e-01,7.352742812247593518e-01,6.559317224693844706e-01,3.441149569769892946e-01,-8.614858108018313976e-02,9.094073212253894756e-01,3.744224240691622629e-01,1.270582735571054167e-01,1.090548241378863636e-02,3.981928622962522812e-01,-4.735826229994409275e-01,-2.888644858598629073e-01,3.563772819014250359e-01,7.522792685584132055e-01
5.603827881195392324e-01,1.790097286093886297e-01,9.323401285508933767e-02,3.713672378824792175e-01,6.940149862888300714e-01,7.794535426781163956e-01,7.029103384247081809e-01,3.730515160914215644e-01,-7.267553750583694017e-02,9.253647501280749532e-01,3.520010989893377906e-01,-3.416456673671586231e-02,4.194259055041671402e-03,3.878189780448308976e-01,-4.855976644986628732e-01,-2.916051624477183912e-01,3.620535025156835229e-01,7.423678661290088465e-01
6.777268745872344624e-01,2.035422710388755108e-01,9.059401003345401993e-02,3.751043494754412455e-01,6.945531811869962713e-01,8.146034083687598848e-01,7.388730924135057387e-01,3.964875478916025098e-01,-5.947405650096604379e-02,9.354776452097126604e-01,3.367789169338479272e-01,-1.979440550615763073e-01,-1.906910397581951244e-03,3.729019955834980138e-01,-4.938864536340366596e-01,-2.924958700681258295e-01,3.687436506038732631e-01,7.341949016846395226e-01
7.974756348675596795e-01,2.274187812691101651e-01,8.897452057438570705e-02,3.791530997072019571e-01,6.937404291323026051e-01,8.386884774295624290e-01,7.617000694241364833e-01,4.133139674737462133e-01,-4.656236804936464413e-02,9.388198418228166364e-01,3.299600483508021709e-01,-3.612789274532774986e-01,-5.967893223717712914e-03,3.542989172821702226e-01,-4.979209251234046341e-01,-2.911640712960888999e-01,3.764384935976157753e-01,7.281428078334639675e-01
9.182592173967922822e-01,2.501652417177346321e-01,8.853705279250256854e-02,3.835345398538780870e-01,6.913722984741241806e-01,8.496733489933953054e-01,7.692713544449619745e-01,4.224216899340675346e-01,-3.395870213482726774e-02,9.344651753199009203e-01,3.327486636883097981e-01,-5.211679199476167978e-01,-6.558556702999762678e-03,3.328667455107661155e-01,-4.971730136846089776e-01,-2.872372287066115581e-01,3.851287989285324675e-01,7.245940171836405819e-01
1.038707770611205117e+00,2.713076348023909512e-01,8.944311500242300983e-02,3.882697211915865920e-01,6.872443575618362166e-01,8.455226221931306796e-01,7.594670324643407744e-01,4.227016303687814447e-01,-2.168128874114827465e-02,9.214874810534791072e-01,3.463489333944793080e-01,-6.746097685803972288e-01,-2.248768115063359829e-03,3.094624826392045058e-01,-4.911146540354923151e-01,-2.803428048746974821e-01,3.948053340282447476e-01,7.239309623433283214e-01
1.157451442947075915e+00,2.903719429407202179e-01,9.185421551876513102e-02,3.933796949964442624e-01,6.811521747448139319e-01,8.242008961616403839e-01,7.301671884706349980e-01,4.130447038741016930e-01,-9.748357852122024880e-03,8.989605943760656803e-01,3.719650279174200880e-01,-8.186032093874122673e-01,8.391605260456680426e-03,2.849431310374028747e-01,-4.792177808938968275e-01,-2.701082623753508494e-01,4.054588663283741345e-01,7.265360759206858088e-01
1.273120382840677856e+00,3.068841485503652766e-01,9.593186265614733754e-02,3.988855125445678884e-01,6.728913183724326563e-01,7.836727700317954737e-01,6.792519074522047617e-01,3.923418255462443605e-01,1.821860548457066020e-03,8.659583506401744568e-01,4.108011177052412477e-01,-9.501469784044702660e-01,2.679269614392487675e-02,2.601656930752809238e-01,-4.609543289776650288e-01,-2.561610637835752824e-01,4.170801632605420917e-01,7.327917905238712226e-01
1.384344738728286117e+00,3.203702340489673617e-01,1.018375647291877434e-01,4.048082251120743713e-01,6.622573567940676087e-01,7.219028429364675592e-01,6.046012743974090720e-01,3.594839104814230857e-01,1.301113647679474905e-02,8.215545851983196979e-01,4.640613732060518970e-01,-1.066239811667361703e+00,5.438463725570708007e-02,2.359871711227541358e-01,-4.357962330046392663e-01,-2.381286716743744869e-01,4.296599922563699714e-01,7.430805387610435186e-01
1.489754659046176766e+00,3.303561818541686512e-01,1.097328300525048095e-01,4.111688839750805569e-01,6.490458583590940078e-01,6.368557140085306933e-01,5.040953742946089333e-01,3.133618737758525064e-01,2.380123994909638663e-02,7.648231334030151096e-01,5.329499648679618673e-01,-1.163880445211892933e+00,9.259756131616869723e-02,2.132645675497424342e-01,-4.032154276926619429e-01,-2.156385486227526960e-01,4.431891207474792926e-01,7.577847532403613195e-01
1.587980292230625645e+00,3.363679743836108793e-01,1.197791669407166082e-01,4.179885404097032353e-01,6.330523914168869615e-01,5.264959823808534889e-01,3.756142921321661277e-01,2.528666305257482594e-01,3.417394098156784077e-02,6.948378306067741761e-01,6.186710631390790471e-01,-1.240067615073858986e+00,1.428616010456744689e-01,1.928548847261635224e-01,-3.626838477595753507e-01,-1.883181572037133933e-01,4.576583161654915188e-01,7.772868665699833590e-01
1.677651786717906379e+00,3.379315940549360020e-01,1.321380837084415449e-01,4.252882456920593079e-01,6.140725243168219105e-01,3.887882471863088329e-01,2.170381128984388563e-01,1.768890958273244829e-01,4.411100959041464042e-02,6.106725121621121577e-01,7.224288384675131569e-01,-1.291800057289061110e+00,2.066068891645898020e-01,1.756151250219364357e-01,-3.136734279232219480e-01,-1.557949599922606732e-01,4.730583459420281134e-01,8.019693113580679267e-01
1.757399290944294812e+00,3.345730232857863085e-01,1.469710886702977892e-01,4.330890510982655650e-01,5.919018254082738517e-01,2.216971075577684469e-01,2.624692158178812407e-02,8.432018477679509294e-02,5.359421579184242557e-02,5.114010134215424275e-01,8.454274613013734729e-01,-1.316076507893300329e+00,2.852635583932798813e-01,1.624022908069790994e-01,-2.556561029014436381e-01,-1.176964195633981580e-01,4.893799775087104287e-01,8.322145202127737562e-01
1.825852953346066343e+00,3.258182444938028666e-01,1.644396901409037048e-01,4.414120079044387968e-01,5.663358630406183369e-01,2.318716262810616158e-02,-1.988791968294257584e-01,-2.594918752962364905e-02,6.260532960205672515e-02,3.960971697375780809e-01,9.888711020887694936e-01,-1.309895702922374561e+00,3.802617414521090033e-01,1.540733844512074402e-01,-1.881038074120836012e-01,-7.364999849213005323e-02,5.066139782971600392e-01,8.684049257422596924e-01
