4.098448667051926564e-01,1.365139754232720826e+00,5.650381806347022362e-01,3.786086509019091495e-01,3.411765942694136022e-01,8.204938511742546070e-02,9.064149586387357238e-02,6.088490397715158597e-02,-1.112378136050983457e+00,8.461885740166026348e-01,5.918687863536655769e-01,9.220369925453038296e-02,-3.440166364118166342e+00,3.074669803050488426e+00,1.583693387964763555e-01,-6.996555396626044088e-01,5.738984981998200841e-01,6.677464876376806302e-01
6.254836219155561761e-01,1.303918748715795495e+00,5.607350904467124364e-01,3.987087549314338730e-01,4.364890830784813880e-01,2.056820144584993737e-01,1.551123930677997809e-01,8.268589130271489229e-02,-7.615627455304274651e-01,6.973709967170556023e-01,5.472519607899306582e-01,-1.574830698670434126e-01,-3.329398167104705930e+00,3.152864691436449540e+00,3.534906340855527296e-02,-5.255425259499607593e-01,6.111532779698374274e-01,6.045207930744221914e-01
7.982309486732079851e-01,1.236333073461314491e+00,5.511754517516966878e-01,4.145519951821347582e-01,5.208737331653885416e-01,3.152420302045223499e-01,2.120097854794021630e-01,1.021190703021886692e-01,-4.496156257365834241e-01,5.615846403901116890e-01,5.068499342006950181e-01,-3.608914031817252455e-01,-3.190551347676719551e+00,3.173037912681084372e+00,-7.307568548897594440e-02,-3.702644920098870918e-01,6.439001036639802056e-01,5.477490799036330849e-01
9.311103552023669572e-01,1.163258650967378127e+00,5.368914913196591865e-01,4.264442814214568500e-01,5.948889366905332210e-01,4.115073791906068701e-01,2.617514586850721026e-01,1.192829682584244655e-01,-1.744392215622417863e-01,4.382548778806912293e-01,4.704692640643410861e-01,-5.212884881930129888e-01,-3.026804866527359472e+00,3.140338759962461701e+00,-1.677312799817600175e-01,-2.328161673725952507e-01,6.723979642094398690e-01,4.971030287896635036e-01
1.027145349727252466e+00,1.085571403732087159e+00,5.184154359206042395e-01,4.346915234168449715e-01,6.590930858143131399e-01,4.952560082518652207e-01,3.047551982712009000e-01,1.342761124542737328e-01,6.606402209980655194e-02,3.268070820337147797e-01,4.379165078592510696e-01,-6.419415124044051124e-01,-2.841337684349777959e+00,3.059916526458651642e+00,-2.494440921554396673e-01,-1.121922815682968588e-01,6.969058485334079789e-01,4.522543203968638070e-01
1.089359440472083218e+00,1.004147254253541455e+00,4.962795123245362094e-01,4.395996309357442233e-01,7.140445726971264007e-01,5.672658642234098547e-01,3.414387898241800778e-01,1.471970301725880059e-01,2.739916603567706943e-01,2.266666256941028967e-01,4.089982230638072314e-01,-7.261176633193998642e-01,-2.637328761837128166e+00,2.936920505347723420e+00,-3.190404940956576008e-01,-7.387564127203760656e-03,7.176827455630758745e-01,4.128746353895841881e-01
1.120776135661078587e+00,9.198621250298415486e-01,4.710159473014593479e-01,4.414745137455994839e-01,7.603017894993711057e-01,6.283148939403531141e-01,3.722200189304011309e-01,1.581442486962187921e-01,4.514412483158607436e-01,1.372588817067761369e-01,3.835209671563919454e-01,-7.770841284414947703e-01,-2.417957059682561471e+00,2.776499989807745372e+00,-3.773468578880566082e-01,8.260325542047253222e-02,7.349876442256351172e-01,3.786356544321748396e-01
1.124418943518457281e+00,8.335919385590878639e-01,4.431569676213780173e-01,4.406220816138557983e-01,7.984231283814451352e-01,6.791810442378074519e-01,3.975166711762552207e-01,1.672162953080175152e-01,6.005103410842858036e-01,5.800922291665500108e-02,3.612912976153873634e-01,-7.981080952741886891e-01,-2.186401538579231918e+00,2.583804273016788500e+00,-4.251895556182792579e-01,1.587854475445203972e-01,7.490795334482771572e-01,3.492090581889861212e-01
1.103311372268438895e+00,7.462126173393806017e-01,4.132348000542965805e-01,4.373482443079581561e-01,8.289669815037465916e-01,7.206422619508850991e-01,4.177465321481338423e-01,1.745116972908357655e-01,7.232964937692545337e-01,-1.165697783134000964e-02,3.421157719191758595e-01,-7.924567513209795910e-01,-1.945841159220290217e+00,2.363982648152921140e+00,-4.633949593719684512e-01,2.221642827147279897e-01,7.602174021581934449e-01,3.242665273243683366e-01
1.060476930135242579e+00,6.586000838688201853e-01,3.817816713702191223e-01,4.319589115953514358e-01,8.524917410266734663e-01,7.534764939146986196e-01,4.333273874324283792e-01,1.801289819275250226e-01,8.218972614779769259e-01,-7.231434769228839432e-02,3.258009475461397519e-01,-7.633972840853655573e-01,-1.699454882298889968e+00,2.122184408394212962e+00,-4.927894412347667008e-01,2.737450314008834651e-01,7.686602392825755414e-01,3.034797425026716233e-01
9.989391253430865980e-01,5.716302606455069268e-01,3.493298083391501718e-01,4.247599932434807379e-01,8.695557991106235285e-01,7.784616869643603554e-01,4.446770226155302153e-01,1.841666765009367379e-01,8.984101993176620837e-01,-1.245375138212695409e-01,3.121533819746611926e-01,-7.141968810708446691e-01,-1.450421668508183437e+00,1.863558846918733192e+00,-5.141993732923169080e-01,3.145329640727755338e-01,7.746670337486147861e-01,2.865203843882462298e-01
9.217214661161907685e-01,4.861790701675413606e-01,3.164114377310939252e-01,4.160573990197908856e-01,8.807175479159951026e-01,7.963757879349826485e-01,4.522132232838308452e-01,1.867233082939224187e-01,9.549328623955193329e-01,-1.689011033733631706e-01,3.009796326831225555e-01,-6.481227297809150079e-01,-1.201920478541322446e+00,1.593255256904551276e+00,-5.284511276302616967e-01,3.455333512001922402e-01,7.784967744835026293e-01,2.730601336454425154e-01
8.318474606787733538e-01,4.031224349330234658e-01,2.835587863160546895e-01,4.061570386917270348e-01,8.865353796031859579e-01,8.079967436616779519e-01,4.563537750237216528e-01,1.878974045893336831e-01,9.935628058187582212e-01,-2.059797435036483382e-01,2.920862571499061033e-01,-5.684420177190748769e-01,-9.571302730914603707e-01,1.316422931529736884e+00,-5.363710763342435239e-01,3.677514632529218508e-01,7.804084504144307433e-01,2.627706709386106176e-01
7.323406172550543936e-01,3.233362774400538875e-01,2.513040808640368828e-01,3.953648220267340085e-01,8.875676863325940857e-01,8.141025009795583856e-01,4.575164634215940218e-01,1.877874926700218716e-01,1.016397584694588296e+00,-2.363480613672048758e-01,2.852798128533940436e-01,-4.784219323888228570e-01,-7.192300128517494784e-01,1.038211163972358797e+00,-5.387855914899057908e-01,3.821925707007526318e-01,7.806610504685903562e-01,2.553236769321010069e-01
6.262244440692534830e-01,2.476965201867329380e-01,2.201795481450447012e-01,3.839866587922568519e-01,8.843728602646175885e-01,8.154710067237368465e-01,4.561190740638392249e-01,1.864920998188385748e-01,1.025534754130217330e+00,-2.605806841191120604e-01,2.803668572719688057e-01,-3.813296612936562524e-01,-4.913986585153424791e-01,7.637692474104866847e-01,-5.365210451828907878e-01,3.898619440134730718e-01,7.795135635731731405e-01,2.503908322902635986e-01
5.165224493455775612e-01,1.770790856711562666e-01,1.907174149290783161e-01,3.723284587557320058e-01,8.775092935596349175e-01,8.128802077293066919e-01,4.525793925368387094e-01,1.841097533186311086e-01,1.023071869232835995e+00,-2.792522389144439510e-01,2.771539478840060466e-01,-2.804323919370700358e-01,-2.768151707753845892e-01,4.982464750221839989e-01,-5.304038094988294816e-01,3.917648536608637766e-01,7.772249786553525608e-01,2.476438176774427291e-01
4.077073098269481943e-01,5.202431053869664007e-02,1.441388463262223696e-01,3.502860480185762126e-01,8.461548749240273004e-01,8.220936949909295466e-01,4.399836646971029275e-01,1.786757526891243897e-01,1.038954069862955132e+00,-3.125859145894356317e-01,2.631083444199301402e-01,-2.202396524198603212e-01,6.625235616147533146e-02,1.426262411787914408e-01,-5.275366458112725754e-01,4.019924474116656210e-01,7.763190767183180130e-01,2.409409768544888419e-01
2.816361451888531042e-01,-5.954624330445891511e-02,9.626730734736682615e-02,3.321690971506732204e-01,8.183377086942037471e-01,7.995049014559465483e-01,4.316808154318586555e-01,1.625572341884601313e-01,1.029834433698403773e+00,-3.429183566494258817e-01,2.551320635617798649e-01,-1.409794821152068889e-01,4.360900839905217929e-01,-2.407062575241931124e-01,-5.165772560882713194e-01,4.021495358009817833e-01,7.732453789422549795e-01,2.376707201236450406e-01
1.547831424694999791e-01,-1.159452405233478839e-01,6.432040910220460095e-02,3.371737647297781137e-01,8.397587163320937576e-01,7.835992417623762751e-01,4.416051878390415686e-01,1.570608672842634668e-01,9.890944760276340064e-01,-3.504331675346263886e-01,2.690558559384101378e-01,6.720042946739250567e-02,6.253630141239490126e-01,-5.417092161218536317e-01,-5.005228655299942542e-01,3.917807793234359126e-01,7.677527780717767758e-01,2.392617684638708442e-01
9.779980037253784009e-02,-7.104061888753225584e-02,6.462546153275328109e-02,3.222646096426667883e-01,8.114381006094831816e-01,7.709406957184238296e-01,4.231126835344187764e-01,1.484394077026683634e-01,9.496191416125019380e-01,-3.259747158300814740e-01,2.822127865399621238e-01,1.974322096538022042e-01,5.456867972829779756e-01,-5.835249978466540144e-01,-4.877074021862888853e-01,3.747808856508921815e-01,7.626996738152793665e-01,2.456730553995303268e-01
8.543817202765288665e-02,3.273143904221952755e-02,9.859564826912485536e-02,2.824591088570444497e-01,7.910267035343276909e-01,7.064404098032160961e-01,3.936884559075122247e-01,1.359824222276414529e-01,9.328872259423132141e-01,-3.019747715264365362e-01,2.887174097323980115e-01,1.734984165393021471e-01,3.171728866658788393e-01,-3.870458692808627088e-01,-4.814452052396415160e-01,3.599396286930775513e-01,7.610903004002051997e-01,2.531776180371888008e-01
5.311165298003006630e-02,3.178283896559488259e-02,1.036491242371175708e-01,2.737264746118716063e-01,7.819149004162210259e-01,6.954436086290820551e-01,3.555180361496306785e-01,1.100434751109441722e-01,9.260857036542913256e-01,-2.873862767342434954e-01,2.909874311893197452e-01,7.920007691953298568e-02,8.553732500305478992e-02,-1.469469555689542628e-01,-4.802539278566665404e-01,3.527050258768312796e-01,7.610613529068472882e-01,2.575907903122375275e-01
4.085487228534849524e-02,2.906131935557414864e-02,1.272922693579819908e-01,2.974749193124661129e-01,7.979520716020723770e-01,7.609702264995136245e-01,3.766367029341324835e-01,1.257877959634687570e-01,9.165683915682615313e-01,-2.836623236677050519e-01,2.919303191203542203e-01,-3.661690266674143268e-04,1.025333368053956209e-02,2.932557193879255664e-03,-4.803936605022581241e-01,3.513578090652280661e-01,7.609290424203963843e-01,2.586038343086625169e-01
7.256495945849961160e-02,3.922521441192861752e-02,1.527404210086409919e-01,3.285179585041508310e-01,7.853360069336332572e-01,7.857224066789949557e-01,3.913922019821526321e-01,1.271887774963588735e-01,9.083782130081193840e-01,-2.849432904458170102e-01,2.913651591256631312e-01,-1.631214907966979655e-02,1.174465118794607021e-02,3.549856476965202595e-02,-4.799408276197857925e-01,3.516805541314556027e-01,7.611202954459944658e-01,2.583212688563500392e-01
7.601950876089060005e-02,5.270943570123269584e-02,1.764418650384547149e-01,3.530979535339446862e-01,7.817296093102580334e-01,7.977572899760478897e-01,4.028811544109051068e-01,1.355381755028572388e-01,9.144479799998523895e-01,-2.896250430560403655e-01,2.938646811640390766e-01,-3.161973707140895706e-02,1.123065243388225720e-02,6.541144939235572775e-02,-4.792506200476319145e-01,3.525112285651616495e-01,7.613369751002192487e-01,2.577980915498263026e-01
9.026297165511579235e-02,6.600023115309258670e-02,2.011732564597060735e-01,3.766385106522394111e-01,8.029743644327199670e-01,8.397790531607969289e-01,4.330085843814170943e-01,1.381516839559874255e-01,9.228444029508584556e-01,-2.987358408806432553e-01,2.958018576511712294e-01,-5.042716381256472785e-02,-5.771969640821844431e-03,1.496221127632340608e-01,-4.780320239353103573e-01,3.546345908168094252e-01,7.618437862964773100e-01,2.559894663274824844e-01
9.759914366266590757e-02,7.742726923668187544e-02,2.207973922992828020e-01,4.045957750353519344e-01,8.304643336851846858e-01,8.810786329618176538e-01,4.583053396406185920e-01,1.488985681018349383e-01,9.223652069218107874e-01,-3.167925200190795376e-01,2.972925745304056400e-01,-1.504738363416750213e-01,-1.489184192234733473e-01,3.145918757749543992e-01,-4.770026344339509672e-01,3.607053973309487516e-01,7.622408109129257259e-01,2.515735172380764162e-01
9.552071976919439267e-02,8.101197424277364889e-02,2.356491523364983298e-01,4.183656157855549784e-01,8.521320948446740040e-01,8.914870218921376877e-01,4.663514929346753712e-01,1.552215141104367480e-01,9.220631727013386403e-01,-3.420976254392427696e-01,2.867859608845619857e-01,-2.861098146519691632e-01,-4.061952273833538407e-01,5.227191054899315015e-01,-4.790733497219506476e-01,3.743696002811211510e-01,7.625785148316768236e-01,2.444161748717768312e-01
1.591781571170344800e-01,1.085498480250726011e-01,2.424353261100073431e-01,4.257121821722200106e-01,8.522387502129843417e-01,8.826956368084888371e-01,4.992659722965852032e-01,1.762258427246736203e-01,9.497039699255265255e-01,-3.710273390098761670e-01,2.770443327181653093e-01,-2.837934149668587813e-01,-6.238674900795843081e-01,6.813918829861609350e-01,-4.873365807907975578e-01,3.950477428557049864e-01,7.661060839171108805e-01,2.367447219621647836e-01
1.889038217382757179e-01,1.153577144158651341e-01,2.457502291886360934e-01,4.312998388408179617e-01,8.450639170464799843e-01,8.841657635589701414e-01,5.285858042028150905e-01,1.794666293609171737e-01,9.942922099365226751e-01,-3.818036454646489553e-01,2.727116204716034664e-01,-1.246909697670180589e-01,-5.385853616520076548e-01,5.135460505625747407e-01,-5.009022088703950493e-01,4.124018312482887194e-01,7.713845286147626990e-01,2.324553624623929005e-01
1.456460312978960503e-01,1.197545367815064238e-01,2.632231804809363473e-01,4.432583460478519699e-01,8.395982813501016162e-01,8.822337648321617598e-01,5.144639103512826939e-01,1.640684865258744962e-01,1.016719867877163175e+00,-3.619035058682544270e-01,2.759660058682562589e-01,3.899399667082635579e-02,-3.074073109612341925e-01,2.099530670662214105e-01,-5.132853358232811747e-01,4.199854879768558091e-01,7.757363467893759745e-01,2.327503424375641783e-01
1.492646310184931602e-01,1.309122248671593935e-01,2.755120481720164660e-01,4.456910826902866218e-01,8.283190242217558508e-01,8.625499742950557547e-01,5.036953335881517724e-01,1.472553523426127775e-01,1.024363254389323075e+00,-3.387736689756217223e-01,2.839411510737874789e-01,1.269402651720772934e-01,5.127668396688413177e-02,-1.680623689213032457e-01,-5.195198112381387290e-01,4.177564601622555385e-01,7.794236018064756299e-01,2.368959676550969895e-01
2.124958988226186007e-01,1.504839368816344447e-01,2.880454097370622191e-01,4.567787216992951760e-01,8.179440780764142271e-01,8.370394563697067802e-01,4.983173722199605860e-01,1.564475989164789693e-01,9.998501432304601755e-01,-2.962904351583762752e-01,3.000073768043968747e-01,2.757310861078114406e-01,3.998916315954990086e-01,-5.510889922940245267e-01,-5.195441605033594978e-01,4.040468330499084604e-01,7.790808449541453129e-01,2.450788152046624313e-01
2.832079560828505427e-01,1.669463737521468816e-01,2.916965483835845530e-01,4.675445868852656783e-01,7.962971056751551036e-01,8.328776373579696024e-01,4.851535689651143013e-01,1.635700082578816772e-01,9.582620011818465677e-01,-2.515628555086402152e-01,3.087986612334339687e-01,3.048118776578803146e-01,7.069101383550032702e-01,-8.954757693455626111e-01,-5.123715455405505326e-01,3.815310122413277938e-01,7.765353640085066456e-01,2.568397004480462154e-01
3.440955173613088336e-01,1.810858928552221414e-01,2.970302206581553195e-01,4.814671798155063520e-01,7.769762145480200166e-01,8.283099856312211573e-01,4.674361237988483575e-01,1.670308845736469816e-01,9.003888968329503140e-01,-2.062479953262416066e-01,3.209991254487233880e-01,3.983666617924253583e-01,9.848224140314044694e-01,-1.195582735571076860e+00,-4.985869131017030553e-01,3.507251342952134587e-01,7.718011177064310058e-01,2.716206566156148527e-01
4.128077864657218043e-01,1.924270643287310789e-01,2.977849429678089965e-01,4.940407631084318130e-01,7.603750353127987083e-01,8.119930700683185565e-01,4.643196177824580051e-01,1.846715017203673648e-01,8.324057684832703030e-01,-1.533545795833719805e-01,3.335007844890710560e-01,4.669099781059766197e-01,1.231808029678119532e+00,-1.475682811088430801e+00,-4.799387066424982140e-01,3.120764909621168148e-01,7.646584868135974933e-01,2.891253246705945412e-01
4.739918135137207722e-01,1.997740826449229123e-01,2.959166663042710477e-01,4.977022961340691332e-01,7.439171177375537569e-01,7.963201540810187495e-01,4.570724758916753228e-01,1.885373068920906392e-01,7.471392416763403821e-01,-9.910830531398298615e-02,3.421221160348540402e-01,5.024844608521642497e-01,1.463243880991059509e+00,-1.747178916035518892e+00,-4.559241929421094519e-01,2.669056585046675201e-01,7.551607567292653034e-01,3.091814886115445971e-01
5.124424295781802030e-01,2.071450532260319111e-01,2.906295427709543744e-01,5.005684331926463226e-01,7.127683270366121926e-01,7.704453809571182310e-01,4.417267568817343504e-01,1.980174325744893937e-01,6.476067454210336916e-01,-4.368850687948634681e-02,3.482462462237000400e-01,5.674800640194861412e-01,1.656978945280966231e+00,-1.963581205192869161e+00,-4.267998697359983717e-01,2.160139495938533383e-01,7.435131529443304021e-01,3.315402885994984672e-01
5.603483152010678703e-01,2.095429912949077489e-01,2.778652452177451937e-01,4.956148336500628693e-01,6.761322080220086850e-01,7.388577666857134574e-01,4.539961916031647338e-01,2.154027095386023549e-01,5.448256901607722025e-01,1.417333969562104001e-02,3.564527189301160970e-01,6.211508684495703481e-01,1.808099787069104902e+00,-2.138574344531401383e+00,-3.943624156799839797e-01,1.602358775342024866e-01,7.299983587949181452e-01,3.557794330577550568e-01
5.899813342693277507e-01,2.088791068201285017e-01,2.659541906110186593e-01,4.890722498914659711e-01,6.438567570109073879e-01,7.060616928598091313e-01,4.409526016024309381e-01,2.234231028496349580e-01,4.322266217514310060e-01,7.232808589404725319e-02,3.624159320804597462e-01,6.607824559365252926e-01,1.941175787173267109e+00,-2.277285301358310310e+00,-3.589475728712956393e-01,1.003616118756069930e-01,7.151575254011609539e-01,3.814910999456717633e-01
6.059000999191734849e-01,2.060604223618589248e-01,2.524686135331343229e-01,4.799288117064876014e-01,6.065816096454953454e-01,6.601298354097163701e-01,4.128398734621203103e-01,2.184708590956317142e-01,3.138654988339243945e-01,1.320971376023834520e-01,3.674711168975544062e-01,7.047225388253345324e-01,2.033752451309334131e+00,-2.371736879110136975e+00,-3.213546761433658250e-01,3.727090616604202683e-02,6.990891206340440478e-01,4.080372432241620162e-01
6.116974518881780343e-01,2.023866872389996074e-01,2.421402161290469590e-01,4.686897763060215993e-01,5.565625015555774047e-01,6.120106390502080274e-01,3.794373102113324792e-01,2.114772496693495818e-01,1.930807944749171612e-01,1.906083799707964932e-01,3.717542060622827660e-01,7.292833062579247017e-01,2.105345506917750242e+00,-2.438670093325026933e+00,-2.820554627141120818e-01,-2.800885413572379301e-02,6.821060515024439663e-01,4.350842860127743794e-01
6.075455753260291525e-01,1.936694185977358984e-01,2.214811616732385025e-01,4.516673987518799449e-01,5.020091845238893180e-01,5.531079522531864301e-01,3.395052691582233217e-01,2.003457734962474646e-01,7.076853859085689702e-02,2.469210482448876143e-01,3.748344909748117515e-01,7.333880850842209309e-01,2.140676811765483745e+00,-2.464849776552762606e+00,-2.414247737691049001e-01,-9.437516338063337007e-02,6.645114361472606035e-01,4.622224000901002383e-01
5.952078992460614337e-01,1.848355521385735556e-01,2.036254260717905440e-01,4.319885794395678102e-01,4.405594229141681084e-01,4.985270675203672952e-01,2.964775108469537290e-01,1.831155083598058619e-01,-5.299424194496289708e-02,3.011811972267096071e-01,3.769567294626517961e-01,7.255599201158599021e-01,2.147502819381318151e+00,-2.455118454077636514e+00,-2.000154262967952790e-01,-1.608265808055143187e-01,6.465057819557427088e-01,4.890185781978232393e-01
5.712619613422820208e-01,1.698107030926171157e-01,1.831191237960197726e-01,4.015325967031166954e-01,3.907287694369001030e-01,4.154624205057851349e-01,2.409191025477988579e-01,1.643622407182547263e-01,-1.766121527075497910e-01,3.529445398612012785e-01,3.775061384492783834e-01,7.169327134366805243e-01,2.125915873267056888e+00,-2.412925886828130473e+00,-1.585111138999754365e-01,-2.266277975162820923e-01,6.282856912884910994e-01,5.151395247688365098e-01
5.446654567641799893e-01,1.548446048851366552e-01,1.580596315383560879e-01,3.750666997582420836e-01,3.319526229073653245e-01,3.751534702273758848e-01,2.281444106154746077e-01,1.587447567008920535e-01,-2.963384288255822563e-01,4.011923463728545580e-01,3.769473479844942521e-01,7.039443294880243229e-01,2.066140582465150644e+00,-2.337916922898183536e+00,-1.178216970987460283e-01,-2.908336327443131752e-01,6.098749145271129546e-01,5.403036063087152119e-01
5.129598888862961781e-01,1.377187354693717447e-01,1.332853068120645745e-01,3.470430017346989859e-01,2.767277385989436178e-01,3.258330451857959220e-01,1.861710038900865061e-01,1.365613439513937988e-01,-4.105867610950203472e-01,4.458204329779197339e-01,3.765250827150029012e-01,6.630301488513148378e-01,1.985883262590064868e+00,-2.231687442285311018e+00,-7.834199264350387437e-02,-3.525956886730758355e-01,5.917565355476891442e-01,5.642129238725703821e-01
4.696654921542506300e-01,1.183341222789665581e-01,1.069387192622489602e-01,3.192321625182498179e-01,2.308898824904124791e-01,2.370352201950059468e-01,1.466181317099111425e-01,1.114611780363236604e-01,-5.179490883968178583e-01,4.834541338545242373e-01,3.744912276266472162e-01,6.029986599175117812e-01,1.874899794280311394e+00,-2.089461022428853898e+00,-4.022986087944521727e-02,-4.107465792156820283e-01,5.744225848362261022e-01,5.863921980910737908e-01
4.249077476146250754e-01,9.785177226811292428e-02,7.643980322075769052e-02,2.852438986008086763e-01,1.841612732846792111e-01,2.032516803531774774e-01,1.057429137344981923e-01,9.969293316004659844e-02,-6.176178135902123945e-01,5.145482531885057220e-01,3.718960638872650937e-01,5.350448597119922267e-01,1.733992223915965081e+00,-1.909917812280283123e+00,-4.104992077533411998e-03,-4.642881247436514425e-01,5.581077839705691490e-01,6.064629783537297536e-01
3.649150067991095980e-01,7.580845767190369511e-02,5.041453756445333362e-02,2.504340268037564265e-01,1.604923681807907399e-01,1.656687689800563634e-01,5.898583296858042613e-02,7.422444468068437051e-02,-7.073354567732924592e-01,5.379061587527684818e-01,3.674818809093352012e-01,4.591723538378638669e-01,1.562335669630605883e+00,-1.697795574322497059e+00,2.958797689055108274e-02,-5.122771314826884970e-01,5.431632138689684863e-01,6.239418842142575583e-01
2.951551650517161285e-01,5.198906003561114958e-02,3.272917939458583336e-02,2.271420309251680481e-01,1.329743792976682826e-01,1.199113563272846683e-01,6.670470953302775653e-03,4.664363759334520798e-02,-7.853558779799343359e-01,5.547115955859918124e-01,3.628014120803333409e-01,3.924270316071172271e-01,1.354827401782369600e+00,-1.451509245367300416e+00,6.001268963760440084e-02,-5.540284909790371692e-01,5.296936037084428728e-01,6.384348682569107591e-01
2.242401914339785529e-01,3.627637424995831111e-02,4.856027071624426789e-02,2.491677202698344973e-01,1.096118824129086317e-01,1.526604294824082109e-01,-3.041079864513836911e-02,2.054967864897655830e-02,-8.497869811943631335e-01,5.640078010447083789e-01,3.577999979459417501e-01,3.119495696312067912e-01,1.116967166977482773e+00,-1.169020658102691179e+00,8.636136443414871300e-02,-5.885844147050515174e-01,5.179083347292607886e-01,6.495397992159068767e-01
2.006074406922291054e-01,3.740032298295759006e-02,7.190243077230068502e-02,2.611723242885959362e-01,1.078113951783814667e-01,1.650713181457077183e-01,-4.207924684825660629e-03,2.543639262160265688e-02,-8.997003457123871062e-01,5.650202106665103141e-01,3.507199938852431087e-01,2.116434939896597589e-01,8.549043213153236787e-01,-8.533240655979388301e-01,1.081901233592153649e-01,-6.149949525831636121e-01,5.081408569208643033e-01,6.569646024404469653e-01
1.722994789963673556e-01,3.632653842742632200e-02,6.803978910726458940e-02,2.546984338180632856e-01,9.268757356606920073e-02,1.738961460143352844e-01,1.413499094644673007e-02,1.583153438982402156e-02,-9.314815842571075866e-01,5.532302601849149459e-01,3.425427518897180557e-01,9.961379984495891127e-02,5.683077502438786954e-01,-4.995006239696483941e-01,1.250761700030068868e-01,-6.320265228421506620e-01,5.004614061040840722e-01,6.605538400436001822e-01
1.322973888666136300e-01,3.600612039296855610e-02,6.158081231111437598e-02,2.426377905379863142e-01,9.432762581860415496e-02,1.862781111879235896e-01,3.742201560024102647e-02,1.226174305811463840e-02,-9.450384127091753239e-01,5.322083426818816632e-01,3.341501309061758462e-01,-1.137948371769741639e-02,2.389545353479302914e-01,-1.199706343658039631e-01,1.362492331519725153e-01,-6.390609215201449311e-01,4.951864591332328924e-01,6.598685502537198211e-01
8.659194810941692189e-02,2.489995227336377903e-02,5.538169499283895209e-02,2.293863129549527091e-01,1.004833579023126644e-01,2.120191131719093014e-01,5.939302147217209726e-02,1.153097301337808675e-02,-9.478567568763052176e-01,5.055598589657583908e-01,3.216120816058171128e-01,-1.328254106882096053e-01,-1.160805892356726321e-01,2.516568747834138642e-01,1.407785512321388377e-01,-6.355421881569239817e-01,4.923582254954308457e-01,6.550215479344766445e-01
2.471194959024040211e-02,1.021766580867528029e-02,4.687095814529482207e-02,2.130689454625233903e-01,1.009172102479818645e-01,2.122170583046208425e-01,6.022502373089812927e-02,9.492318918259591218e-03,-9.366604564572793556e-01,4.739193425934008497e-01,3.055301048671432707e-01,-2.259713594926516800e-01,-4.662124942160120744e-01,5.427758737077422735e-01,1.375654453858301818e-01,-6.221163337111039748e-01,4.919120477555112281e-01,6.472918464089223445e-01
-3.240245206947604123e-02,-4.399542804162837224e-03,3.681462231630416165e-02,1.931786231316975910e-01,9.672782353511365228e-02,2.064364277281054982e-01,5.622454356020673005e-02,-4.041614618985745269e-03,-9.019929814692884129e-01,4.490235658781117078e-01,2.886331245575825544e-01,-2.148582897823217985e-01,-6.582282867576217944e-01,6.723914963853830917e-01,1.267097016976678481e-01,-6.028487040664968211e-01,4.944649289976025819e-01,6.396336624549259220e-01
-7.900226136008872690e-02,-1.488882711976922610e-02,3.040626162714869449e-02,1.792031544468284665e-01,7.961912744136481757e-02,1.946790291604701961e-01,5.304793091676004990e-02,-1.652300428845653382e-02,-8.480968338399792472e-01,4.382922905184951645e-01,2.863646337628864558e-01,-4.974911011712204734e-02,-5.804690489019941335e-01,5.710239712513246468e-01,1.114804163385262337e-01,-5.862811533500074113e-01,5.002393424465396699e-01,6.347953807874666676e-01
-1.110354781448580352e-01,-2.036078982952199690e-02,2.696481828103311842e-02,1.711949632330178328e-01,6.589447964383571277e-02,1.973775003646273118e-01,4.942119646468157851e-02,-2.692280655776863735e-02,-8.115784919639057460e-01,4.521324396109207555e-01,2.919619692650857190e-01,6.866530588534583424e-02,-3.167183803630844730e-01,2.821059927126755573e-01,9.790458787358630177e-02,-5.794124900415957846e-01,5.047354430027310990e-01,6.334921585024591018e-01
-1.387423735701572847e-01,-1.991925468189823661e-02,3.541861200820817929e-02,1.702156319485749747e-01,7.014668456092063020e-02,2.123747817094526757e-01,4.770793162881498128e-02,-3.681102460281247130e-02,-8.085577547495766959e-01,4.700243009909891301e-01,2.991605255839752120e-01,4.901536988480095780e-02,-1.522349731482724733e-01,1.476893091864758811e-01,9.054983465094393336e-02,-5.778447272704547721e-01,5.072063790433771757e-01,6.330544816101579819e-01
-8.079596965171477463e-02,-9.697964575647925051e-03,3.340300631895334882e-02,1.696086905941648348e-01,7.079701114989767063e-02,2.157854938477500595e-01,6.145110853694036451e-02,-2.806980369663157615e-02,-8.063265429865066336e-01,4.751344908958075042e-01,3.031164480420093232e-01,1.483885958779943004e-02,-3.357337302167567872e-02,5.731226325710154362e-02,8.753264683193595630e-02,-5.774172197159338493e-01,5.090013771850924185e-01,6.323368170938364896e-01
-2.531755287879258395e-02,-1.356701300630820456e-03,3.406643886420583633e-02,1.791986351515611475e-01,7.778067812659159030e-02,2.214441034520459317e-01,7.403599006803432414e-02,-9.157456861668375123e-03,-8.137603769023472600e-01,4.852423423437544625e-01,3.088463092672341648e-01,3.057491341544760557e-02,-2.118992914989893672e-02,2.445340058450832382e-02,8.569288847750977656e-02,-5.782791402985422158e-01,5.087796181110134652e-01,6.320298244879034577e-01
-1.221611589863622928e-02,-4.989390588806727998e-04,3.366648123304204210e-02,1.803537670219053646e-01,7.793433416568276706e-02,2.263168076093431402e-01,7.138045216891743261e-02,-8.408609635862266535e-03,-8.102398537832251613e-01,4.838646969644189721e-01,3.056652969050136504e-01,-3.547492803817133000e-02,-2.515008322933839219e-02,2.339455513868551537e-02,8.514696980162714257e-02,-5.778726767383479679e-01,5.096517769529165243e-01,6.317281878655526262e-01
-1.151788477982486174e-02,-1.387884437975793039e-03,3.443928072376530730e-02,1.818605000640523550e-01,7.963765655196111681e-02,2.179308033111789222e-01,7.499588838282741921e-02,-5.948757221823251437e-03,-8.090805499639563969e-01,4.828413752022336913e-01,3.093760665259307485e-01,5.921001235920635847e-03,-1.624043764009269752e-02,2.046860821716948303e-02,8.467357595349854493e-02,-5.778114187609708630e-01,5.102909153872856596e-01,6.313202101155598323e-01
-1.201771883639791635e-02,-1.231064892197447028e-03,3.258953317082360912e-02,1.809376599704518029e-01,7.760487754069021749e-02,2.138485238961477519e-01,7.513011145226883292e-02,-5.538857141071204526e-03,-8.071154265471549571e-01,4.859229932721851331e-01,3.107050269712486879e-01,-1.397351484206455635e-02,-6.993067226469929128e-03,-5.931217111391157495e-04,8.397535394078443904e-02,-5.779953860136832766e-01,5.105629490873259124e-01,6.310356595194047680e-01
-1.135157471398499929e-02,-2.645604310889732545e-03,3.160658645016682644e-02,1.789184388449830687e-01,7.992824723765412642e-02,2.117750712274703850e-01,7.770294624799253813e-02,-4.461005219799286936e-03,-8.104987825803735557e-01,4.838815342489016236e-01,3.087783676148931900e-01,-3.074718111945963506e-02,-1.449853071673376948e-03,-1.194976994249063833e-02,8.434617764206796264e-02,-5.778988903626897100e-01,5.107830873364638258e-01,6.308670675968005570e-01
-1.237700281015522395e-02,-2.135375875201684249e-03,3.146377671971737483e-02,1.788768613285230957e-01,8.070782567127847418e-02,2.056017138922190401e-01,7.998112299228257727e-02,-4.694200855596482487e-03,-8.106131872376948211e-01,4.835361971003023229e-01,3.086211537914529957e-01,-4.515216646668913578e-03,-1.290565538847368923e-02,9.130188312637824502e-04,8.463476289205949799e-02,-5.778086281348034925e-01,5.109296407245054183e-01,6.307767451389223456e-01
-1.122232286933771798e-02,-2.718816894221409795e-03,3.155868192033251668e-02,1.749636035564922920e-01,6.115012347213234778e-02,2.046526618860676772e-01,8.555070247981091947e-02,-4.678383322160624934e-03,-8.073583574552345432e-01,4.849081148403416308e-01,3.104153861771846712e-01,1.456463344036640611e-03,-1.779805818241547016e-02,5.516372442776074775e-03,8.411405625945554687e-02,-5.777907554824256442e-01,5.110943426536308509e-01,6.307320459261392953e-01
-1.147449954525794208e-02,-4.814866039235730227e-03,2.965877018992281455e-02,1.704940205370460704e-01,4.166156649057722872e-02,2.037677838727132151e-01,9.163728934592840769e-02,-5.471067712060392017e-03,-8.078996193687243421e-01,4.847608750094689611e-01,3.103191025855676632e-01,-5.272994233038133527e-03,-1.244213507791107343e-02,2.046179763352249867e-03,8.374869056020273206e-02,-5.777493109112203928e-01,5.112892441197584015e-01,6.306646852747793686e-01
-1.131225684515872916e-02,-4.066922672483099313e-03,2.811452699705650760e-02,1.691499821245250335e-01,5.799791502312955094e-02,1.966575766285324767e-01,9.335868891327628316e-02,-4.721768556727546327e-03,-8.074564185900813262e-01,4.854316013215328462e-01,3.108121733270480802e-01,-4.500994545523736776e-03,-1.053417010033592081e-02,3.547512834945498218e-04,8.342532580102089701e-02,-5.777766033247047073e-01,5.114150937512138562e-01,6.305842507817098763e-01
-1.216459593258801229e-02,-4.476370823708405652e-03,2.710039713905475212e-02,1.688151023452116040e-01,6.998037449508075214e-02,1.896413707259133330e-01,9.763891346101899460e-02,-4.531958155497270435e-03,-8.071310294266168528e-01,4.849920050055505083e-01,3.111047766931619440e-01,-2.011886471576829899e-02,-5.884544582280864383e-03,-4.127814623925581822e-03,8.335830762767794389e-02,-5.777158043660043374e-01,5.116284081237247872e-01,6.304778232552020745e-01
-1.231056916972462882e-02,-5.841649923986168801e-03,2.712796484018581769e-02,1.721503422525435811e-01,8.379676398653780611e-02,1.803637094714935496e-01,9.649688754695016912e-02,-4.421235421446277972e-03,-8.075060910481155485e-01,4.843174273498218607e-01,3.111161825955534588e-01,-2.224156338950729339e-02,-3.293518127169619072e-03,-6.239496177059150085e-03,8.353069804127608022e-02,-5.776084022892584713e-01,5.118631748414742555e-01,6.303627174044458270e-01
-1.204393074894876542e-02,-7.363296640515538255e-03,2.677320016169590020e-02,1.723180081069636549e-01,9.561562496980957615e-02,1.684110773483071255e-01,9.479718059688573006e-02,-4.993378202297534332e-03,-8.071593219896920912e-01,4.836761786296530641e-01,3.119248660127341699e-01,-1.614128355464391346e-02,-1.945222876349846997e-03,-7.692153606704820248e-03,8.370274353077111762e-02,-5.775845453438607224e-01,5.119856349529111617e-01,6.302625545965825360e-01
-1.237881052826217930e-02,-8.613333711474921439e-03,2.656576450892280880e-02,1.702400361430188858e-01,1.045186366465629402e-01,1.538340904633487549e-01,9.108638725283385584e-02,-4.364744230603933781e-03,-8.075412469031059137e-01,4.838195177406601766e-01,3.121859179865181244e-01,-1.166432636316836087e-02,-1.644755950747459625e-03,-9.993930568102831966e-03,8.381815957940470796e-02,-5.776370260971934734e-01,5.119950531091557178e-01,6.301925279461989549e-01
-1.158838578599610813e-02,-6.990906710482807859e-03,2.923486029384186891e-02,1.799013855656398930e-01,1.178257015613854569e-01,1.830725750547656794e-01,9.889618140440621652e-02,-4.623247919898498121e-03,-8.074977958463761540e-01,4.848399756831973106e-01,3.131530002559589909e-01,-1.971724059187977829e-02,2.703200774002805212e-03,-1.330587733337607048e-02,8.400925980354455314e-02,-5.776219763600726198e-01,5.120177086481505491e-01,6.301633972199889300e-01
-1.017836566257120622e-02,-6.130432891572229134e-03,3.022910525266711904e-02,1.846095873752041372e-01,1.284781324361445043e-01,1.733407246259734413e-01,9.584791674655332439e-02,-6.375830624591368942e-03,-8.079316151468615148e-01,4.831903168134936699e-01,3.134439742074454638e-01,-3.670724305570857715e-02,2.466232525344388277e-03,-1.462672993832415426e-02,8.462106670772237549e-02,-5.773202507215614565e-01,5.122875308098836511e-01,6.301376543756496140e-01
-1.022446247429856063e-02,-5.743581216683859431e-03,3.103896296458295498e-02,1.863843146267072093e-01,1.368225592178487771e-01,1.598551475480891604e-01,9.186867726361862274e-02,-7.861322978981637524e-03,-8.082913207699022884e-01,4.815013544879299667e-01,3.143680498059640005e-01,-4.276345440815026988e-02,4.181097425399074412e-03,-1.315684573827728514e-02,8.551532889130797344e-02,-5.768666873177392684e-01,5.127111575962582934e-01,6.300827949855409837e-01
-9.323766927508232369e-03,-6.656478860696133683e-03,3.259088895940382563e-02,1.837626714420957375e-01,1.436543778735584476e-01,1.798150670260327821e-01,9.808541983343688209e-02,-7.891150327746397283e-03,-8.093836210846460100e-01,4.799783455733531712e-01,3.146988703515196106e-01,-4.571864677709160107e-02,7.676529326573498790e-03,-1.329165523223088848e-02,8.658869143344935515e-02,-5.763804263917865489e-01,5.132294821105434224e-01,6.299562828880939103e-01
-9.971381939324858862e-03,-6.523159650308203716e-03,3.243768484983938771e-02,1.822193321082829220e-01,1.485189472993743431e-01,1.711335008173814065e-01,9.463403403773304468e-02,-8.772412904886957297e-03,-8.098771362119338013e-01,4.784833329646465128e-01,3.142765063296266148e-01,-4.229592787191296249e-02,6.245906138138670495e-03,-1.230311904699903786e-02,8.774241235301115382e-02,-5.759092197479506181e-01,5.137499525019870728e-01,6.298041565818995879e-01
-9.855687980479739194e-03,-5.780639437876437109e-03,3.194237008853371973e-02,1.843537952630700250e-01,1.521723455935304337e-01,1.661125637753138873e-01,9.285795099764976301e-02,-9.884611470191021279e-03,-8.100545449015131849e-01,4.782195652998169622e-01,3.155615219562066254e-01,-2.415393521532461021e-02,3.272886064944925330e-03,-8.853758741083643871e-03,8.858316986337537446e-02,-5.755808242796984775e-01,5.141002252788255955e-01,6.297057767867283440e-01
-8.691969449127459960e-03,-6.600439599380529196e-03,3.376997309466522185e-02,1.841332536540215004e-01,1.522681546531990393e-01,1.817109113907018347e-01,1.018694257608204479e-01,-1.014808638427971282e-02,-8.103722807538490391e-01,4.775812791516979017e-01,3.162392596887882990e-01,-3.089360866786987000e-02,5.197076256502605740e-03,-6.518329484018163013e-03,8.927047559399295396e-02,-5.752988514620963612e-01,5.144615256230798961e-01,6.295778402832344911e-01
-8.642709130712935423e-03,-5.617944808250487088e-03,3.434573131173038196e-02,1.815233606371052244e-01,1.548658455728933736e-01,1.811351531736366816e-01,1.049434504016974190e-01,-1.093489569033187329e-02,-8.107296656954509073e-01,4.765951870449378069e-01,3.159781089626025885e-01,-2.474345132335649053e-02,7.209804035471121912e-03,-2.492272992229925196e-03,9.000207699964725416e-02,-5.750564717698983808e-01,5.148753434308553922e-01,6.293653538636501121e-01
-8.611525993367960888e-03,-4.816673757342684707e-03,3.253756127524864983e-02,1.818365477991351897e-01,1.579507165224120491e-01,1.787403786114480364e-01,1.019928025216201156e-01,-1.119204359104622286e-02,-8.110934695431604169e-01,4.769745443959085840e-01,3.157358199451337777e-01,-1.672338814517760133e-02,7.264088393363288265e-03,1.640549413789034981e-04,9.053942656516547616e-02,-5.749772259823844323e-01,5.151953218073331842e-01,6.291057645342810201e-01
-8.672988409004432284e-03,-4.506650101999901646e-03,3.287605649077597614e-02,1.797721337209925996e-01,1.565384367513534825e-01,1.805187212991649914e-01,1.015128533642235681e-01,-1.139541187807866125e-02,-8.108812012557957694e-01,4.770007137823480403e-01,3.157366099643469926e-01,-9.630565899407670521e-03,5.479114544001376270e-03,2.651520462799191857e-03,9.094163920702372228e-02,-5.749511438405371377e-01,5.154937739907264893e-01,6.288310363585624119e-01
-9.198582448601597128e-03,-4.569920235743326654e-03,3.408903534054277817e-02,1.782830259303884168e-01,1.551867155368778783e-01,1.759216941531784595e-01,9.943985262507290535e-02,-1.110798469907281483e-02,-8.105852896842262734e-01,4.774035742049135833e-01,3.156141076100897891e-01,-8.120218820046345293e-03,5.999923881712180586e-03,4.368789098258694242e-03,9.118496419717153634e-02,-5.749992468713146510e-01,5.157598588921381566e-01,6.285354007966695855e-01
-8.960867517537014076e-03,-4.823000770717026688e-03,3.474342929526048895e-02,1.824674414184624949e-01,1.530070594294168640e-01,1.687170336379093250e-01,9.605761204696011690e-02,-1.115588922890712285e-02,-8.106042501453446514e-01,4.772711966104905001e-01,3.151966812082796499e-01,-6.147553297824728466e-04,3.504245597658763207e-03,7.843989559775894904e-03,9.134209214281631406e-02,-5.750976664484166445e-01,5.160074056091151773e-01,6.282215952726413200e-01
-9.082888489756477460e-03,-5.492760329343852714e-03,3.276442989767150427e-02,1.814917255702335197e-01,1.495448273250713223e-01,1.599509566077577938e-01,9.440309804956954765e-02,-1.143021045163754475e-02,-8.100787886161202600e-01,4.782828655892800707e-01,3.148186570147312735e-01,5.511965594533914034e-03,4.484969642824922849e-04,1.042920698765882614e-02,9.124844024183029201e-02,-5.752952499015487886e-01,5.161637335259646742e-01,6.279262304612613921e-01
-9.311112900759546673e-03,-4.770125016088593191e-03,3.276171832051107125e-02,1.799239820419768210e-01,1.442509248488536289e-01,1.467532586384061033e-01,8.821121160372193126e-02,-1.048884124744072985e-02,-8.097892465744578328e-01,4.795085310224633246e-01,3.139045554087802059e-01,1.287560869591345900e-02,-1.863295561302262104e-03,1.294972387089537297e-02,9.100464424958665255e-02,-5.755476530339665997e-01,5.162850672230580029e-01,6.276290208530651560e-01
-8.334493193477107709e-03,-5.145678452808492842e-03,3.208201631229599254e-02,1.771857410394666876e-01,1.369463879081752045e-01,1.319652206644607029e-01,8.018629899742196754e-02,-1.068678638015230047e-02,-8.097354758917549855e-01,4.805817721236868012e-01,3.134005725269166098e-01,6.561196098737445345e-03,-1.785574783213112696e-03,1.297556402649717791e-02,9.068899845929015435e-02,-5.758161657997901139e-01,5.164144659652702973e-01,6.273186660356915301e-01
-8.494476245942626444e-03,-5.609810076769188893e-03,3.162466363123637297e-02,1.769326605044930223e-01,1.304499009613056815e-01,1.163609979652251436e-01,7.064290318127978974e-02,-9.555606774725212277e-03,-8.097873209026255070e-01,4.811686082705418643e-01,3.128397082616976577e-01,5.266383960674896753e-03,-3.980585830380408557e-03,1.138188745310212205e-02,9.047823559338140365e-02,-5.760011466824888071e-01,5.165960761522736533e-01,6.270269642349201034e-01
-1.054714015639002592e-02,-5.734542626149084429e-03,3.181763753915382159e-02,1.760848407123311310e-01,1.225822598303107636e-01,9.736685188592227036e-02,6.107645895927393820e-02,-9.660454424928601597e-03,-8.090999548108821493e-01,4.826269837382332617e-01,3.122154943308148578e-01,4.611366062861691102e-03,-7.214811817564494197e-03,8.892218507560750718e-03,9.022850758656292269e-02,-5.761479210695088504e-01,5.167515910150944913e-01,6.267977578504225766e-01
-1.084450978498412502e-02,-5.594444472860071911e-03,3.193604307515937601e-02,1.739797529767820317e-01,1.133647052029472246e-01,8.028481963425099233e-02,5.451173065386685779e-02,-8.501707118370447833e-03,-8.081478829064935310e-01,4.825570670378591664e-01,3.123485138158487717e-01,7.264889638498232653e-03,-9.754758895323329890e-03,5.573461158640527838e-03,9.002923998883585743e-02,-5.762302381509943894e-01,5.168802662099299949e-01,6.266436555851576662e-01
-1.105556087397112017e-02,-4.569016376689848981e-03,3.166533728864286135e-02,1.702368726363316931e-01,1.041204867335061013e-01,6.393400935684304121e-02,4.622741049921883644e-02,-7.852736317973603095e-03,-8.074369149907538734e-01,4.839948526298046838e-01,3.126351426616622575e-01,9.042852592929421368e-03,-9.520394693353469856e-03,6.072636877707959444e-03,8.969331586627836417e-02,-5.763668641572174955e-01,5.169339762650626557e-01,6.265217967205393146e-01
-1.121012077211577113e-02,-5.882775510919393408e-03,2.999590961686992435e-02,1.699928306918928045e-01,9.298403933560987766e-02,5.394501102733645359e-02,4.467006135007710321e-02,-7.595588417259253530e-03,-8.076380736329319410e-01,4.846079569155009037e-01,3.130795778453259182e-01,6.668963569386830194e-03,-8.098184578835506894e-03,6.443613375185038364e-03,8.938572720566925756e-02,-5.764934496081389748e-01,5.170249366323745877e-01,6.263771322846851675e-01
-1.253563007404052618e-02,-5.537501352490988883e-03,3.199705356126910510e-02,1.698174820355181636e-01,8.294126139242136153e-02,4.827419932581862583e-02,4.043412589595481166e-02,-7.254381624571497669e-03,-8.068151698699124186e-01,4.851111991543521906e-01,3.139557585290401187e-01,-2.695588945220868220e-03,-8.144656796662010784e-03,4.235982717142438431e-03,8.912810882454615113e-02,-5.765479823294653583e-01,5.171647589542311962e-01,6.262504602867424719e-01
-1.238016631684239408e-02,-5.495923836031025439e-03,3.320054189097439851e-02,1.661595644460946986e-01,6.931377844314109971e-02,4.352216035216067286e-02,4.070392782341784865e-02,-6.462149164198469423e-03,-8.069748031271932742e-01,4.849311241499280611e-01,3.132562458918927706e-01,-9.551843564899853423e-03,-7.018106136936796621e-03,4.148246374866541852e-03,8.908594769368631539e-02,-5.764760241553720244e-01,5.174504810618203443e-01,6.260864599291497967e-01
-1.378476328594642995e-02,-5.221150683773865576e-03,3.324889835033544710e-02,1.634452757085017582e-01,5.272660902324877163e-02,3.772571224220947622e-02,4.056518545870904657e-02,-6.769913171907559167e-03,-8.066500064781388923e-01,4.854615726754361593e-01,3.140093317069398426e-01,-9.996133992223913203e-03,-8.330545667968019402e-03,9.981511268511251631e-04,8.906163508269836215e-02,-5.763842917490746842e-01,5.176947483363514291e-01,6.259719146887868790e-01
-1.345033543615975491e-02,-5.045802027399231594e-03,3.263156261681031400e-02,1.647933814867634517e-01,3.772390452410250700e-02,3.927763823703034340e-02,4.110117387742120987e-02,-6.364080456896160920e-03,-8.063268886199124186e-01,4.851992862966315045e-01,3.144748011521567022e-01,-1.656674472129689504e-02,-6.565602946979605219e-03,-8.389036562818632733e-04,8.910734821824722873e-02,-5.762495022805639300e-01,5.179464403580263943e-01,6.258799291758481154e-01
-1.360941462957179424e-02,-4.935531222874975366e-03,3.141406447177612360e-02,1.667665058005048662e-01,4.808122541790117721e-02,4.269332160012181271e-02,3.919945442890455239e-02,-6.952492700710012803e-03,-8.062410234066704762e-01,4.853831138923185851e-01,3.149475782750963404e-01,-2.296628961406025141e-02,-5.388173221185720355e-03,-1.883126378392021216e-03,8.925770512994152250e-02,-5.760804820795412118e-01,5.182537582048887259e-01,6.257582599482724994e-01
-1.367132897473500100e-02,-3.810678630822228290e-03,3.164997168473374783e-02,1.691499821245250057e-01,7.396458520280960180e-02,4.126025307083324573e-02,3.368591420269181208e-02,-6.035527690957089887e-03,-8.062492198560081702e-01,4.845274737081493588e-01,3.153330582749699351e-01,-3.018210298804342370e-02,-4.602151743809878778e-03,-2.547358595257028131e-03,8.954930582369249881e-02,-5.758345178621157023e-01,5.186381940978335159e-01,6.256226349658364771e-01
-1.412958551484809477e-02,-4.048393561886810474e-03,3.075289157415733027e-02,1.716401138168555385e-01,7.256586331755315866e-02,4.388731940976559748e-02,3.307400162348755196e-02,-6.173818126139147926e-03,-8.064594143429379969e-01,4.843133291251530137e-01,3.159594941348899955e-01,-3.162434423093487407e-02,-4.395029876427966609e-03,-4.799258047005044645e-03,8.994049870053931472e-02,-5.755477105579001051e-01,5.190303023525473236e-01,6.255035218516349360e-01
-1.371200263214148937e-02,-3.975180978555132791e-03,3.118222462455914196e-02,1.731712510534464122e-01,7.352666549139974528e-02,4.504832636395744716e-02,3.025622102427143884e-02,-5.073369728530291098e-03,-8.065185176553305579e-01,4.834617377894517842e-01,3.166772265901433014e-01,-3.118105536002948805e-02,-5.270390186349584866e-03,-7.070587693275349160e-03,9.036686200861698826e-02,-5.752423519814522379e-01,5.193904133665109280e-01,6.254228317473234933e-01
-1.364150162597024298e-02,-3.992354300571204252e-03,3.256106161063906240e-02,1.734067063368773254e-01,7.315111205467984823e-02,4.644975982637430945e-02,2.925429326349163195e-02,-5.587213600432250522e-03,-8.063415039753579761e-01,4.833930554940983892e-01,3.176149300200906689e-01,-2.401652167468245475e-02,-6.901124347235602918e-03,-9.420639674053477713e-03,9.073879952815168404e-02,-5.749755762541973736e-01,5.196560848161236867e-01,6.253930516193055844e-01
-1.401027611978906268e-02,-3.767293396255307764e-03,3.183074349542924786e-02,1.731323851141468861e-01,7.281578034583968684e-02,4.725916560876341349e-02,2.661005360254321134e-02,-6.299906464099258238e-03,-8.065794972633547610e-01,4.831981676294255790e-01,3.180585258083402644e-01,-2.456457334698120692e-02,-6.093268939932653186e-03,-1.124487453502743053e-02,9.111252785735843296e-02,-5.746840385549514263e-01,5.198928714347399449e-01,6.254098824902383225e-01
-1.507637787336577571e-02,-3.723456232161649268e-03,3.156546086323360617e-02,1.766434256073802500e-01,7.416298226504790259e-02,4.577412518389989415e-02,2.344835463347891974e-02,-8.207952925990261162e-03,-8.064509710125962183e-01,4.835621689819383784e-01,3.190001299581531891e-01,-1.882004635203105014e-02,-6.427187849918769916e-03,-1.123085274516598571e-02,9.142995131630136940e-02,-5.744324659058773763e-01,5.200917245896603536e-01,6.254312445809079302e-01
-1.471619004055499044e-02,-3.414788365399082284e-03,3.038095357365134044e-02,1.762443718352699196e-01,7.362699384633575317e-02,4.428456546376895869e-02,2.147523031973753646e-02,-1.087930835854301025e-02,-8.065348611778051513e-01,4.819690458621841422e-01,3.195906693200704085e-01,-1.320492044637366046e-02,-1.063933352429675613e-02,-9.914406988460062672e-03,9.168587250150019019e-02,-5.741788842165218565e-01,5.202714115985795917e-01,6.254792957599477621e-01
-1.448525405239148994e-02,-3.221362527954896998e-03,2.910334880156089515e-02,1.737339033142361322e-01,7.067950947294562858e-02,4.262508024158427611e-02,2.210657586859157350e-02,-1.153144266562702511e-02,-8.066076910740281880e-01,4.824003963526280470e-01,3.204232014422516706e-01,-1.573965943075538582e-02,-6.407557344112750804e-03,-1.053056449722868798e-02,9.187866067156705285e-02,-5.740022257390773319e-01,5.204066269945791801e-01,6.255017380000156280e-01
-1.408213291454052558e-02,-2.649219747103640638e-03,2.928818797799704471e-02,1.722434397350517676e-01,7.177815015244752572e-02,4.386833836964257327e-02,2.053612076317442095e-02,-1.141891221346907730e-02,-8.070370171402381221e-01,4.814138598600606334e-01,3.204546047059790292e-01,-1.682414472089627244e-02,-6.453628939371778596e-03,-1.048729725994194430e-02,9.223070913783706914e-02,-5.737858464693132987e-01,5.206003544453742249e-01,6.254889079735962421e-01
-1.499231898139236595e-02,-3.576127206444814060e-03,2.709045468946650118e-02,1.739485698394370727e-01,7.238644729543788903e-02,4.222195910373331695e-02,1.749779855490980404e-02,-1.119339937962644110e-02,-8.073548517449755657e-01,4.810587462236970424e-01,3.207365428127136875e-01,-1.341905320868629070e-02,-9.695867377905263013e-03,-1.162486504027257679e-02,9.251244457907259466e-02,-5.735818653663581346e-01,5.207366139069932176e-01,6.255210873950943773e-01
-1.523229356009064145e-02,-3.497943398319010473e-03,2.783161911331804780e-02,1.749789691604013986e-01,7.246146759687650818e-02,4.085080491960794286e-02,1.666172893044311556e-02,-1.272092118000341457e-02,-8.073775647973571168e-01,4.804866241846889596e-01,3.213117755523739461e-01,-1.283174052477549509e-02,-8.568916095612579692e-03,-1.414418005580671787e-02,9.275773863218654547e-02,-5.733816419486723603e-01,5.208378508772357751e-01,6.255829684331356555e-01
-1.535702610947053785e-02,-4.796336928639439653e-03,2.792471659582623431e-02,1.723415084423540466e-01,7.132305711902160728e-02,4.081691020510254397e-02,1.715388018506161516e-02,-1.197342974277752249e-02,-8.078974961920886155e-01,4.797374884657082950e-01,3.218179803632749136e-01,-1.516817133825964711e-02,-7.447974151831947623e-03,-1.648121180314207970e-02,9.304673990461044542e-02,-5.731928863768380733e-01,5.209184744493121633e-01,6.256462936784192852e-01
-1.500406914908757397e-02,-4.172222252213225735e-03,2.854521583603853926e-02,1.711438951964963651e-01,7.186130518536745782e-02,3.970425971027173595e-02,1.783810148854408223e-02,-1.201455532971074797e-02,-8.079024831883723223e-01,4.789253980906704178e-01,3.220411607910229623e-01,-1.164750021533461979e-02,-8.553091504197522787e-03,-1.676585413732940497e-02,9.335764824325298861e-02,-5.729603077350435836e-01,5.209966556615879263e-01,6.257491982012750587e-01
-1.387198568460700637e-02,-5.278093804142946002e-03,2.742488253925317795e-02,1.735752760503508352e-01,7.141118337673565963e-02,3.922521441192866609e-02,1.856570802659347069e-02,-1.020593336370227353e-02,-8.080797437493492108e-01,4.790391608573809079e-01,3.225948655071216309e-01,-1.368326379193265593e-02,-6.799366215098264984e-03,-1.764902658731668655e-02,9.363117508048775239e-02,-5.727430435410449938e-01,5.210576890788973792e-01,6.258586630128879502e-01
-1.368624264911738088e-02,-6.374926765537891268e-03,2.846206080311861064e-02,1.742698917329483232e-01,6.952121409591421886e-02,3.894275845771694167e-02,1.963949258212473875e-02,-1.021813546092422038e-02,-8.084518427987980038e-01,4.778818814623460587e-01,3.228234279407600216e-01,-1.578693289371682629e-02,-4.915638902855037212e-03,-1.729968370848297687e-02,9.403367706982276863e-02,-5.724830312103939001e-01,5.211913777048988727e-01,6.259255867699821119e-01
-1.349823996599405947e-02,-7.104792951220972180e-03,2.942421876554540683e-02,1.751249423975380082e-01,7.055658464167269273e-02,3.826305644950186297e-02,2.245094616796650122e-02,-8.376522639463816061e-03,-8.088686273099974233e-01,4.774326074110011309e-01,3.231290666238927356e-01,-1.061489554768108197e-02,-3.432934780649130307e-03,-1.605615125905656901e-02,9.440156454314406476e-02,-5.722995207267430606e-01,5.212845432206374419e-01,6.259596328550165456e-01
-1.261291002311284992e-02,-7.791273902337133433e-03,2.878157497852290234e-02,1.763596138645882605e-01,7.151196366119839942e-02,3.757838321649266400e-02,2.221594281406235119e-02,-7.556722477959723974e-03,-8.093337511218083868e-01,4.769102072062281761e-01,3.233323484427066408e-01,-9.674834693113084499e-03,-1.944421631214909331e-03,-1.495403857594701513e-02,9.471314358334191608e-02,-5.721784638131841572e-01,5.213323465588951544e-01,6.259831219402346436e-01
-1.319725490118605314e-02,-9.417316339543154238e-03,2.776608933194093035e-02,1.731825492916148901e-01,7.108443832890354308e-02,3.803709168613249314e-02,2.521359136492047973e-02,-5.670820562878921452e-03,-8.098015412484642628e-01,4.763819312335565437e-01,3.235471349163136501e-01,-1.381486830534649907e-02,1.632536962439625795e-04,-1.547124231055059008e-02,9.510011518370938000e-02,-5.720619628356744535e-01,5.214059273201087086e-01,6.259683909937197033e-01
-1.271278644852211377e-02,-9.784735044781757429e-03,2.897409695691361212e-02,1.735323427453106804e-01,6.864899010930843037e-02,3.899201877613146100e-02,2.498491502439067341e-02,-3.008051791334209399e-03,-8.105935848859655568e-01,4.747448139188634175e-01,3.229698283762186262e-01,-2.096037241873871179e-02,3.027504742369641760e-03,-1.668693149153784375e-02,9.566470538010039826e-02,-5.718962820742080622e-01,5.215572458423668456e-01,6.259067630251445857e-01
-1.253156270829987491e-02,-1.003871943880893514e-02,2.977627186687489130e-02,1.751385002833402149e-01,6.840494816486950014e-02,3.937254343764549913e-02,2.729743841271285026e-02,-1.307440982216294401e-03,-8.110423651753021490e-01,4.737334905734797430e-01,3.229951583672439619e-01,-2.691122003593584069e-02,3.770058671175005073e-03,-1.855783888162203590e-02,9.633689104495418709e-02,-5.717086051080830789e-01,5.217380982662677136e-01,6.258236577236163667e-01
-1.333961270210876071e-02,-1.074282564146790582e-02,2.998506330822819227e-02,1.741786019685470643e-01,6.945161694879645187e-02,4.073556289028956029e-02,2.671173774605943227e-02,1.423569147865968998e-03,-8.110544129683043835e-01,4.725112814743545053e-01,3.230273022739837963e-01,-2.148819265138023418e-02,2.338634237605236726e-03,-1.817824899894435534e-02,9.704508008878512393e-02,-5.715052168722716264e-01,5.219022872970515703e-01,6.257621820281761282e-01
-1.450333123346103995e-02,-1.128423721450092995e-02,2.967955894815280105e-02,1.735269195909897866e-01,6.944754958305579540e-02,4.018918009246241069e-02,2.847155132318012274e-02,2.506392293932013793e-03,-8.112396724738156761e-01,4.723540676509143110e-01,3.232577410032536624e-01,-1.981238845165386037e-02,2.480454626489563344e-03,-1.829843576918531098e-02,9.759400184579895832e-02,-5.713584776129951859e-01,5.219786220663732434e-01,6.257453996384476635e-01
-1.390362075147872148e-02,-1.110346540380542819e-02,2.922220626709318494e-02,1.720201865488428239e-01,7.177995787055448107e-02,4.136826422772382078e-02,2.761424101095671241e-02,2.937081132914041125e-03,-8.116266831359151279e-01,4.715179804422733878e-01,3.234718855862499520e-01,-2.030535452092551221e-02,3.420315169773827536e-03,-1.784312822125582940e-02,9.817972252564577396e-02,-5.711956999243720245e-01,5.220707932107137017e-01,6.257222331078264865e-01
-1.355970238163053260e-02,-1.144557605554666173e-02,2.940794930258280870e-02,1.725258956892634643e-01,7.136779814216874518e-02,4.203576413871695089e-02,2.886608580002305094e-02,3.881613843798027881e-03,-8.121025215833060917e-01,4.708559443415553658e-01,3.239278748009076225e-01,-2.639141225464370494e-02,5.608715944577872745e-03,-1.668032121917459309e-02,9.878396175428177939e-02,-5.710240544024012266e-01,5.221876741301478830e-01,6.256824185193436971e-01
-1.422765422215040154e-02,-1.291751052413476868e-02,2.867672732831951649e-02,1.738477895549743191e-01,6.800182702701854098e-02,4.107315424676341586e-02,2.854160039982462857e-02,4.329927934322868113e-03,-8.121997926989396044e-01,4.698044287686967690e-01,3.239040754721079773e-01,-3.101279388169214668e-02,8.243209948259597186e-03,-1.362417196323085708e-02,9.946975374593627905e-02,-5.708060420314222672e-01,5.223998653855751462e-01,6.255924175381640806e-01
-1.421635598398193409e-02,-1.251258166817684897e-02,2.864961155671519322e-02,1.742504587632985602e-01,6.721185421427920692e-02,4.073963025603020982e-02,3.067199618887109236e-02,5.993932451774941668e-03,-8.130124262121865009e-01,4.683181557475368795e-01,3.234709474384341865e-01,-3.637272321187125235e-02,1.169497398957980785e-02,-1.081240247344372740e-02,1.002754770210697310e-01,-5.705747637668110439e-01,5.227099285137136730e-01,6.254151553236050320e-01
-1.382272536619248357e-02,-1.174158989556054085e-02,2.805893966526764455e-02,1.718936462813559773e-01,6.759735010058734450e-02,4.065466750500333626e-02,3.187006136425551972e-02,7.268825646704956539e-03,-8.137772141868301334e-01,4.670516068200670223e-01,3.229255379240748014e-01,-3.366491527834254011e-02,1.303605803418512316e-02,-8.450932749492708757e-03,1.011253363039013725e-01,-5.703850801426133543e-01,5.230365530189982071e-01,6.251792623525372905e-01
-1.423985631937234840e-02,-1.184508175718371366e-02,2.726263983915396677e-02,1.710955387371353442e-01,6.685076252241493877e-02,4.018420886766829042e-02,3.283493090384274893e-02,7.629465409042476311e-03,-8.141955293602550769e-01,4.666645467817669424e-01,3.229353144118389807e-01,-3.004008228787535123e-02,1.315664542699354969e-02,-7.710982867375896707e-03,1.018572600005720474e-01,-5.702951498100560235e-01,5.232696870477762108e-01,6.249492359577198952e-01
-1.299930976847448079e-02,-1.052002438478570265e-02,2.627833732991696758e-02,1.747046479376709871e-01,6.984434370753241084e-02,4.337437939691712874e-02,3.464490865843144335e-02,9.823131331832369445e-03,-8.142179461554315267e-01,4.654430289494532191e-01,3.225751644029908327e-01,-3.045031979696447705e-02,1.223881912492012607e-02,-5.016395478573699648e-03,1.025316335181630789e-01,-5.702274264227017442e-01,5.235018655306707958e-01,6.247099667193531936e-01
-1.357461605601290901e-02,-1.104742614248982284e-02,2.640352180882360456e-02,1.747710815781015614e-01,7.050054538035707696e-02,4.593907946115952795e-02,3.490476813630621900e-02,8.396841745444872870e-03,-8.145642214518467039e-01,4.657413599548632654e-01,3.222663656430049262e-01,-2.524302766499138956e-02,1.130276449602682538e-02,-3.725589566185849143e-03,1.030873323908417655e-01,-5.702152563318593215e-01,5.236911735136207113e-01,6.244762422405538693e-01
-1.459823643407617833e-02,-1.081423050669262816e-02,2.684324923834040949e-02,1.760785136989568012e-01,7.174154386078168688e-02,4.707025906658660747e-02,3.533997627055563556e-02,9.218901554582659141e-03,-8.149773027479838561e-01,4.654911213690608451e-01,3.218017355932021317e-01,-2.788753723285985683e-02,1.103254457426841237e-02,-3.260266454069621692e-03,1.036478861146255398e-01,-5.701940041251478686e-01,5.239002708754464388e-01,6.242325510027296742e-01
-1.482510505649902929e-02,-1.112696573919584250e-02,2.662361148834537644e-02,1.753603976809688936e-01,7.226081088700450628e-02,4.599828222916230169e-02,3.530427383794327439e-02,8.351648792770997864e-03,-8.152234924853182241e-01,4.655222777517840638e-01,3.214744701341061273e-01,-2.340937817368188983e-02,1.004240589876668165e-02,-2.841215248496160081e-03,1.041834223598085141e-01,-5.701837735987165257e-01,5.241091052365492997e-01,6.239810509747705236e-01
-1.465789113160569264e-02,-1.199467043053424262e-02,2.740138220386276538e-02,1.739422428260627151e-01,7.470258611997397658e-02,4.623509330117341054e-02,3.333838039662971597e-02,7.756005676529324593e-03,-8.153531050124948054e-01,4.649780532662446397e-01,3.214839997408662220e-01,-2.186818315662538217e-02,7.729611816763247260e-03,-1.138569336749306040e-03,1.046369530649862434e-01,-5.701797117236808710e-01,5.243072919674718335e-01,6.237449033850331892e-01
-1.409659465939616663e-02,-1.249586027568751548e-02,2.860396667451457764e-02,1.700023212119542992e-01,7.397226800476416897e-02,4.701964295959187856e-02,3.196993778966477490e-02,7.369154001640956624e-03,-8.154848407163073354e-01,4.654200196398667888e-01,3.213915181167131263e-01,-1.670836479889747234e-02,6.246707383273604475e-03,3.006672368861230352e-04,1.049943294629445689e-01,-5.701902705114021419e-01,5.244896538561605315e-01,6.235232180208732933e-01
-1.356919290169204470e-02,-1.276204676693663831e-02,2.723687985612986001e-02,1.712555217896008508e-01,7.623101177940443118e-02,4.669922492513410572e-02,2.891173068222365611e-02,6.106462903932887744e-03,-8.154753604857480909e-01,4.653727172394724332e-01,3.211182702213243312e-01,-2.170793412963744132e-02,6.320622246971791675e-03,1.335675639944476243e-03,1.053529208564246422e-01,-5.701744682562801536e-01,5.247190458175670091e-01,6.232840439902065377e-01
-1.357371219695943307e-02,-1.237429123299479093e-02,2.693453900274163371e-02,1.728549003847292820e-01,7.703137897125875155e-02,4.812551451152159016e-02,2.912504141884434544e-02,5.194921048500829135e-03,-8.156151445102955977e-01,4.658870691235101891e-01,3.211224178221939729e-01,-2.227481506260727342e-02,5.500748162644744643e-03,1.033005290221006116e-03,1.057313263156645644e-01,-5.701510096089275059e-01,5.249749173971576255e-01,6.230236640031506790e-01
-1.272905591148471016e-02,-1.148173041768576000e-02,2.588741828928795008e-02,1.737343552437629057e-01,7.759222351394154393e-02,4.911795175223988841e-02,3.137610239153006131e-02,5.476925073185809519e-03,-8.154729410519073740e-01,4.649870397347954931e-01,3.210037174354005707e-01,-3.125356804474151151e-02,4.914036412585153640e-03,5.328280147349003133e-04,1.062385951338258444e-01,-5.700237718321505831e-01,5.253277845498246501e-01,6.227541388159758551e-01
-1.214471103341150521e-02,-1.077491263786635803e-02,2.682607591632433022e-02,1.747191096825266299e-01,7.775130270735357285e-02,4.883368807992121557e-02,3.360773039456600025e-02,6.537603672441655647e-03,-8.154142821253222984e-01,4.652535724668715456e-01,3.216307458097306116e-01,-3.016768057561449237e-02,4.196120771679186928e-03,-5.644771975650136886e-04,1.067829809587777512e-01,-5.698678975293158810e-01,5.256974252055305330e-01,6.224897883532651832e-01
-1.268115138165040040e-02,-1.241677260850823639e-02,2.525923624712108836e-02,1.647314671416002518e-01,5.255713545072175641e-02,3.978515509555796692e-02,3.080350768115206264e-02,6.778030180666669985e-03,-8.526122380296091707e-01,4.617968433992206689e-01,3.009494747162180794e-01,-2.807242454774718649e-02,2.150141319610670339e-03,2.453011980617883503e-03,1.220179072700977030e-01,-5.867862192838442237e-01,5.234024975338495977e-01,6.168182932833510268e-01
-1.340333476537892109e-02,-1.333690112494833116e-02,2.417505731247482706e-02,1.615571141457872728e-01,3.424178752058045644e-02,3.568841393567119546e-02,3.177831967032754973e-02,3.502444970864210597e-03,-8.756562097089997110e-01,4.587813400621796323e-01,2.869855888645144737e-01,-3.177718174042460514e-02,4.637807152314692843e-03,3.960755013290659203e-03,1.319703243887715427e-01,-5.975697843962298750e-01,5.221803262436983673e-01,6.129908100097969381e-01
-1.349417260025341340e-02,-1.293784735283801460e-02,2.613236409278035105e-02,1.596689525830727874e-01,3.358106655248838113e-02,3.595911972218771013e-02,3.525320580142178584e-02,4.333091441010033032e-03,-8.873809836055006617e-01,4.573321979440433394e-01,2.804443779072641751e-01,-3.088900150834395647e-02,9.282024265708907831e-03,-9.739134615191978291e-04,1.370439353040286412e-01,-6.028222397881148886e-01,5.218364970642914713e-01,6.109603508833572061e-01
-1.277470079368532227e-02,-1.352309608996469723e-02,2.825417322081877694e-02,1.618784360392984956e-01,4.067003310891240814e-02,3.079853645635792156e-02,3.576072265994940935e-02,3.033342122109388209e-03,-8.881453765705376036e-01,4.577612771292491889e-01,2.809341404432889600e-01,-2.311311778503793643e-02,1.567195421685298878e-02,-8.747593760704134788e-03,1.376029001952447928e-01,-6.030410325200306065e-01,5.221947245751554778e-01,6.106759937418373418e-01
-1.291389508792085625e-02,-1.235485826334502962e-02,2.982733990339636598e-02,1.642090366086902398e-01,4.562137300386213956e-02,2.922808135094075860e-02,4.026194074626734953e-02,6.684028839105005809e-03,-8.780735203729951310e-01,4.594076771696981032e-01,2.875666479958725597e-01,-2.944355528491274937e-02,2.074984525953331785e-02,-9.678039673652858582e-03,1.341279752231657740e-01,-5.985041054796308435e-01,5.233005842000866270e-01,6.119646372567699721e-01
-1.298123258740493252e-02,-1.136648838836738264e-02,2.900302044662488726e-02,1.704321061918828428e-01,5.659331805402551679e-02,3.017668142756540009e-02,4.502030673329963928e-02,1.178676512551223195e-02,-8.585310125992065000e-01,4.618932257432393218e-01,2.994257745348296584e-01,-3.058813396017410688e-02,1.774537631479319866e-02,-9.576281541515513709e-03,1.269575479708572596e-01,-5.893779624925685745e-01,5.251374454407468084e-01,6.146469065484116978e-01
-1.382543694335291659e-02,-8.755239582870890172e-03,3.227137478399952353e-02,1.714715441033819732e-01,6.945342466690333783e-02,3.477461243260543400e-02,4.793931954650522409e-02,1.477582701536231738e-02,-8.311321093828809570e-01,4.638707919626497422e-01,3.157497440337675432e-01,-3.363767294375458877e-02,1.183378970920811665e-02,-6.825006059416332746e-03,1.164021148208783663e-01,-5.760129781632230550e-01,5.276469948428813561e-01,6.185863203265216104e-01
-1.373459910847842774e-02,-5.243295230584066845e-03,3.533952434102889673e-02,1.809647757420561331e-01,9.303962666739869214e-02,4.648410647040643329e-02,5.345918678609231506e-02,1.859237186867105859e-02,-7.949535251447131801e-01,4.667165399212400145e-01,3.371752626023785671e-01,-3.048877956344158563e-02,3.926501783771988927e-03,-3.562135558658152418e-03,1.026598722105130368e-01,-5.588705499626850370e-01,5.306987300551956332e-01,6.236750593564847067e-01
-1.353077889191925225e-02,-3.400778550070184848e-03,3.765069194077085707e-02,1.926033168441591559e-01,1.232172208153786835e-01,5.632216033798227023e-02,5.886290813730753191e-02,2.110058074207112055e-02,-7.520386939560196327e-01,4.691945339360544254e-01,3.621250568813749182e-01,-3.541243091764601642e-02,-2.882879995513020193e-03,-1.936008557298039444e-03,8.613120867799227420e-02,-5.383223987737000282e-01,5.342364314975623918e-01,6.298015182851409710e-01
-1.293513577567757984e-02,-1.398278817090786719e-03,4.092401750293962054e-02,2.019483155980629774e-01,1.485424476347647071e-01,6.830461980993347837e-02,6.395976933986714796e-02,2.459896720855578658e-02,-7.025706040170733857e-01,4.723998887652837708e-01,3.904214713001729620e-01,-3.505227122949063079e-02,-8.975347690310737231e-03,-1.603692137581800214e-03,6.722756510919147832e-02,-5.148333682610000128e-01,5.382051204543185641e-01,6.368015977584133847e-01
-1.232367512600004988e-02,2.632480631892121069e-03,4.331382084033413155e-02,2.095538376035493977e-01,1.734496396419174524e-01,8.491031834042207793e-02,7.007889513190981856e-02,2.539165159845554673e-02,-6.479957311311661527e-01,4.761476411606219705e-01,4.216838647265802598e-01,-3.073656462142167548e-02,-1.501333071593255117e-02,-2.075024588210075231e-03,4.621939977246646014e-02,-4.888826118621144023e-01,5.424867604294612011e-01,6.445684358935570568e-01
-1.243936908484517129e-02,5.928854599924559578e-03,4.754885243540295237e-02,2.209881065595665217e-01,2.089975123561339521e-01,1.044666647509879948e-01,7.548939542602613184e-02,2.648396526458311057e-02,-5.892738498900157440e-01,4.801436570937293036e-01,4.558432092318377982e-01,-2.736212073562315286e-02,-2.327817428283552106e-02,-1.512350192198671454e-03,2.349151748815909990e-02,-4.608559069898994220e-01,5.470148235423696326e-01,6.529858377650553658e-01
-1.177141724432530234e-02,8.301032685776256817e-03,4.928832918382039519e-02,2.329398348236995098e-01,2.389034968585440066e-01,1.225027202336047560e-01,8.057179488373010512e-02,2.691826953977904599e-02,-5.267701466749549200e-01,4.832520370645301266e-01,4.917690366979610705e-01,-2.929973178319107349e-02,-3.955006079447460909e-02,-9.110157184264287443e-04,-6.907784824930103540e-04,-4.310355955951555851e-01,5.516904906812444276e-01,6.619439602111323318e-01
-1.156985667539981930e-02,1.190517066151778464e-02,5.349805272539185502e-02,2.440925516845583176e-01,2.702868389838629648e-01,1.395174149857919266e-01,8.804399767882860328e-02,2.491170244105899920e-02,-4.609220946253305140e-01,4.873391027119665653e-01,5.284371859673504535e-01,-3.602958998283332243e-02,-5.516833158728665087e-02,-1.254749881315558608e-03,-2.600709128960122449e-02,-3.997267384238396559e-01,5.564049203903622676e-01,6.713617214614462370e-01
-1.000798823099069944e-02,1.632910879876340454e-02,5.762416930451663699e-02,2.602761480370729963e-01,3.046845510525294509e-01,1.617225203525736732e-01,9.452105165604834935e-02,2.593758246675595749e-02,-3.943023913091475152e-01,4.915441281031840415e-01,5.640338716787460793e-01,-3.701411994239047626e-02,-6.404933266295824434e-02,-8.355584578434879089e-03,-5.199168294622133479e-02,-3.675203461810514494e-01,5.610347519038771935e-01,6.811399078205713220e-01
-8.715921714044614840e-03,1.958752068654978987e-02,6.169153504516537712e-02,2.738457840069306592e-01,3.364163308429639621e-01,1.834006758911780055e-01,1.029906629166592730e-01,2.649978279801896291e-02,-3.268362317821492669e-01,4.963107090264319288e-01,5.997624412225565083e-01,-2.942692944836276109e-02,-6.439486962740099962e-02,-1.491918441257713938e-02,-7.832483851671823150e-02,-3.351620049173913984e-01,5.654536833197615353e-01,6.911352679689605205e-01
-8.965838742331144751e-03,2.207222922455943231e-02,6.533137545351926090e-02,2.881312763471425287e-01,3.658934342244989368e-01,2.055520016442778375e-01,1.100995143722598019e-01,2.790483169664973589e-02,-2.613399357872322470e-01,5.006269789981174778e-01,6.350248500543385077e-01,-7.027320455988606343e-03,-6.240477702349454120e-02,-2.840333878847728713e-02,-1.046690423103343315e-01,-3.033799414265986871e-01,5.695125846980994000e-01,7.012079397801530556e-01
-9.316084125553675613e-03,2.580064782015411423e-02,6.911447752184934901e-02,3.006759361503567596e-01,4.070447811407492678e-01,2.242542012493075054e-01,1.156663822826277110e-01,2.812582523522498198e-02,-1.978265880176159064e-01,5.058916670353305056e-01,6.703413258260285668e-01,2.200880167780731866e-02,-6.037342029513867447e-02,-5.259152723332057716e-02,-1.308133543547223554e-01,-2.728295273613864369e-01,5.728974474043156961e-01,7.113479701832670088e-01
-8.911155269595754172e-03,2.757763471929088051e-02,7.061488355062198186e-02,3.099355202237070173e-01,4.456951500560273338e-01,2.367048597109600583e-01,1.192949244528131308e-01,2.743844042505533959e-02,-1.366165906404811226e-01,5.126887948414786678e-01,7.046620811317967359e-01,4.180516522676239188e-02,-5.346768878837718231e-02,-7.465080735462908956e-02,-1.563210095443073322e-01,-2.439518449710714743e-01,5.755372150897190009e-01,7.214789595549992995e-01
-6.026941029949055458e-03,2.966961649856455357e-02,7.232091751406076463e-02,3.230862175222778965e-01,4.746032741633981478e-01,2.572631338823057057e-01,1.241744075530114011e-01,2.776382968430724310e-02,-7.878881364394590969e-02,5.201528963684276530e-01,7.359177593948913465e-01,5.171756910238511917e-02,-4.712723572431564562e-02,-8.705868920302152481e-02,-1.807217206567702517e-01,-2.170438561025623270e-01,5.776065730093236095e-01,7.313841804116446577e-01
-3.810226701295487718e-03,3.115284920532112450e-02,7.579354399752132043e-02,3.408127012790785892e-01,5.048387152908007103e-01,2.794930953730581091e-01,1.304277564144954993e-01,2.728388052691068863e-02,-2.411034948869890393e-02,5.281462613920647753e-01,7.647681747869931046e-01,6.071154574208321303e-02,-3.953744118359939219e-02,-9.440290210987881125e-02,-2.036751251951179897e-01,-1.923943462783679337e-01,5.792484721221339283e-01,7.408523484099989176e-01
-3.135043988347798252e-03,3.288599894036423055e-02,7.916493826699239067e-02,3.494210549043982317e-01,5.259713918906314678e-01,2.916509035013838957e-01,1.336427830677149320e-01,2.428487618747235052e-02,2.411370707035550426e-02,5.364544984483898826e-01,7.895836164235331411e-01,5.698174963893893469e-02,-1.285537725625629860e-02,-9.683087518002982119e-02,-2.245242051270718853e-01,-1.705018981165020431e-01,5.806457640911071305e-01,7.496374017249962662e-01
-1.956863712139877108e-03,3.303242410702759285e-02,8.107885981273099674e-02,3.603482589314145335e-01,5.531513374877532474e-01,3.074634657124460380e-01,1.362766283495483732e-01,2.391790941176047749e-02,6.502356824817838443e-02,5.443338044481115245e-01,8.103310516261567065e-01,5.921041298177370793e-02,2.645270750746651564e-02,-8.971201246737436907e-02,-2.425316772994874082e-01,-1.520223494451134472e-01,5.820153292110726850e-01,7.574146346666726926e-01
4.713536350274249434e-04,3.343464138582507433e-02,8.259508337493949581e-02,3.664913369883743277e-01,5.793736444177156608e-01,3.243841591230715582e-01,1.360239997441013982e-01,2.199314155738014628e-02,9.704388635731403534e-02,5.512248951644375117e-01,8.278504189471695973e-01,6.328334231395592313e-02,8.480819193025954106e-02,-7.007689950182593996e-02,-2.570902170860485669e-01,-1.376130636427714826e-01,5.835661323130346689e-01,7.638025952216906944e-01
1.864652365962989359e-03,3.340436210753357227e-02,8.403945014239654066e-02,3.726529441559304212e-01,5.967480750731868344e-01,3.339682285966202313e-01,1.358888728156065206e-01,2.093110716954408451e-02,1.202098172527528847e-01,5.577510463804350449e-01,8.435352135263733953e-01,6.182868177147292366e-02,1.535996939243583770e-01,-3.503023698827990862e-02,-2.675610082584088945e-01,-1.278639215438876209e-01,5.855685847733508309e-01,7.683364681636974947e-01
3.131410829411705385e-03,3.596725445366902307e-02,8.624938552814900850e-02,3.731862209974821654e-01,6.056262306259697636e-01,3.440155258350760525e-01,1.365993060316398611e-01,1.908045575754890866e-02,1.321069140901477423e-01,5.621783634277854880e-01,8.556468993325719863e-01,3.984231495744392643e-02,2.286407076597030963e-01,1.880902923142550864e-02,-2.732308938694562594e-01,-1.230129129562424484e-01,5.883684267464215356e-01,7.704907940361823693e-01
4.305975669405714100e-03,3.794941735794517962e-02,8.868935304301153733e-02,3.757016607433100175e-01,6.178554436195201616e-01,3.519328792140122841e-01,1.377463031705028207e-01,1.880387488718479258e-02,1.320040140876196089e-01,5.644164384827707881e-01,8.623890714271971181e-01,2.159355638662549450e-03,3.022456898019521554e-01,8.936126740955428749e-02,-2.735393087155987835e-01,-1.232046632783308504e-01,5.922588120749747720e-01,7.697385130433489486e-01
3.959345722397093065e-03,3.921933932808106815e-02,8.808964256102920498e-02,3.701112924975517027e-01,6.139218490187861033e-01,3.563870966295493714e-01,1.435183470860100785e-01,1.925761213203049799e-02,1.205110614540118030e-01,5.652443786182749230e-01,8.645104211434221364e-01,-3.511737239670440630e-02,3.612792279201879064e-01,1.670944647982963716e-01,-2.682889843797588991e-01,-1.284620771178118515e-01,5.972974976680075487e-01,7.658024869516913968e-01
4.865464423508285632e-03,3.810307339703634943e-02,7.721079499337402119e-02,3.615259872780956507e-01,6.096551823568456818e-01,3.523350964928096962e-01,1.378986034210137324e-01,1.696949293815220791e-02,9.662487991707738311e-02,5.636768323705502182e-01,8.616920769762921317e-01,-9.382280063218235988e-02,4.188144376360864451e-01,2.496679840472091627e-01,-2.571219699346712351e-01,-1.388272613899384222e-01,6.034666601706782929e-01,7.585219814436345853e-01
3.598254030532832288e-03,3.788885880136218937e-02,7.359490684993728882e-02,3.559324555256501710e-01,5.954654990763024180e-01,3.517322225041402683e-01,1.328803779561066878e-01,1.303680219647160646e-02,5.954458749936661355e-02,5.580110120778007943e-01,8.535608535999396063e-01,-1.345917555881839811e-01,4.669211955378658185e-01,3.294635864132860470e-01,-2.395245962688068442e-01,-1.542607589207280749e-01,6.106913599973816664e-01,7.478758482474709979e-01
1.708284749711380668e-03,-3.605050696156119998e-03,7.198423001664036591e-02,3.438112536889901816e-01,5.784494485355349269e-01,3.442338077964909315e-01,1.284912383924199375e-01,1.090143518263101720e-02,9.781672265269242272e-03,5.472015248160708722e-01,8.368101255972349994e-01,-1.842889850828186571e-01,4.894512071759513638e-01,4.126620768674518769e-01,-2.155910243704516338e-01,-1.751377356536953367e-01,6.188076065608296705e-01,7.337347430774869839e-01
1.946903539829440092e-03,9.679417742329414140e-03,6.592882628786787824e-02,3.430312233258390187e-01,5.920724121895478698e-01,3.474185551714188414e-01,1.284799401542514596e-01,9.893632338003605434e-03,-7.854766027909918305e-04,5.381402019446988039e-01,8.430126158167970951e-01,-2.134246619246308319e-01,5.028346049761329706e-01,4.847619200237167636e-01,-2.059081587460432905e-01,-1.782581251048698801e-01,6.312627941131925269e-01,7.234450521994093553e-01
2.233426859781806675e-03,2.234022343391549315e-02,7.297666725735868498e-02,3.344233216300461220e-01,6.036178558091426227e-01,3.390131179036048326e-01,1.266166347155076033e-01,1.517081342173198268e-02,-9.814902448427351156e-03,5.299434563498461870e-01,8.528339865475330628e-01,-2.540830450520107919e-01,5.025497623306618422e-01,5.607405908782246984e-01,-1.960025716132142160e-01,-1.807314615461049490e-01,6.451541529264709363e-01,7.116800297427970934e-01
1.349000775954074371e-03,3.304778971093667861e-02,8.316270686052333605e-02,3.293888267021763960e-01,5.991555036621241115e-01,3.238522380700999959e-01,1.228836968246455330e-01,1.689040527097292882e-02,-1.585346368123640923e-02,5.195646283117485442e-01,8.634859637286179668e-01,-3.131087710301809768e-01,4.858279766757541696e-01,6.569757403004267138e-01,-1.859927946222278416e-01,-1.816947263659264844e-01,6.606313625012059099e-01,6.983027090714389873e-01
-7.113459364478859782e-04,4.564170983256541497e-02,8.412034552768274387e-02,3.155448695095883216e-01,5.883489648187470999e-01,3.250462358797437945e-01,1.224258922140591815e-01,1.950436565362985430e-02,-1.889345761388878941e-02,5.044276133045438870e-01,8.740515819344523152e-01,-3.648101149185835612e-01,4.228539149838850264e-01,7.644767969424483001e-01,-1.764211485864248252e-01,-1.802773249622272034e-01,6.777064357986668508e-01,6.832535431992593500e-01
-2.646508169943213688e-03,5.769060294494721824e-02,9.875879482827756850e-02,3.064832305689496050e-01,5.754888582058693691e-01,3.251813628082386720e-01,1.173050787465824002e-01,9.152015984625309561e-03,-1.665987579317896802e-02,4.850862147967325289e-01,8.832115090788802414e-01,-3.836535976908115320e-01,3.335232952007420315e-01,8.501086688714261097e-01,-1.684058627922720430e-01,-1.763912934374783081e-01,6.958647672927547045e-01,6.667067228497021159e-01
-4.593420571133748770e-03,6.461009592884420227e-02,1.102929402097039546e-01,2.840024481908572374e-01,5.594543985971784927e-01,2.367373986368851435e-01,9.094945260623198136e-02,-9.020601967316575417e-04,-6.625792389270818844e-03,4.602018439838349018e-01,8.947999059086909623e-01,-4.454740666996513387e-01,2.451225203966965194e-01,8.988299817917042578e-01,-1.622022228001366861e-01,-1.702902284186788018e-01,7.147031718040025572e-01,6.492577980375368041e-01
-6.052249083446432920e-03,7.274166390345451760e-02,1.213005876924796722e-01,2.931960505533036665e-01,5.629952664391766337e-01,1.625382531483369475e-01,8.757173132338658128e-02,-7.798504774764974772e-03,6.398958122661336546e-03,4.427114111165080246e-01,9.012417225736720772e-01,-3.498198200002805569e-01,1.497501116735407423e-01,9.222652001209878936e-01,-1.586658567875749437e-01,-1.642601454559833585e-01,7.333499784075983019e-01,6.305943444932792241e-01
-3.129620834026941752e-03,8.383562992583735995e-02,1.388381649071036006e-01,3.125214609757060447e-01,5.856712823728200679e-01,1.690821926955140553e-01,8.574006095151442963e-02,-7.413008888456832854e-03,2.406966349921569465e-02,4.304921345687027223e-01,9.028301055781466911e-01,-2.295026471136146218e-01,4.107583184268358278e-02,9.371120721601366998e-01,-1.585180284395477646e-01,-1.592200348180892178e-01,7.509822516133790593e-01,6.107922783553413337e-01
-3.077728690701884203e-04,9.520979225479818397e-02,1.540035640358758118e-01,3.256468502207796045e-01,6.094979108815403723e-01,2.170630986198403556e-01,9.201826593696911527e-02,-3.752379721872970385e-03,4.776367286252284489e-02,4.218631003355903242e-01,9.011089993458432090e-01,-1.191435490752630610e-01,-6.356117406449618423e-02,9.472636477085389917e-01,-1.617251811091027502e-01,-1.550343985495653831e-01,7.674703442333895564e-01,5.899584325320357259e-01
3.258403026425283830e-03,1.056656337854259137e-01,1.691563091378993355e-01,3.405984866834043112e-01,6.187927454579762454e-01,2.978843674636912908e-01,1.122534104966966262e-01,8.740760115293028792e-03,7.648699391369014056e-02,4.171260463804382645e-01,8.953015681091156530e-01,-2.171194035531225086e-02,-1.606586635631771509e-01,9.482842336991682552e-01,-1.679607504492438841e-01,-1.512895182327715082e-01,7.827583549466992086e-01,5.684633467467514745e-01
3.695870808308390244e-03,1.166511367213914491e-01,1.880795022815042739e-01,3.649936425367620862e-01,6.449504264656149566e-01,3.787670987231788189e-01,1.056900379798697692e-01,1.609229772675226100e-02,1.087645620291459864e-01,4.134823296402472259e-01,8.824309700961721070e-01,7.463297965037662962e-02,-2.520532908139248018e-01,9.539536439627177566e-01,-1.770177667952939904e-01,-1.478109848179251784e-01,7.967750259990350470e-01,5.464294405695916401e-01
-1.246106170212865280e-02,1.228737543750573064e-01,2.060500279827439385e-01,3.907197308463653540e-01,6.862775739677667852e-01,4.582728007146933402e-01,7.898416645629681432e-02,3.112881718815362769e-03,1.458459900994757696e-01,4.131737283850646092e-01,8.660746098094903589e-01,2.326104766807618740e-01,-3.421981759654503241e-01,9.678963108670872728e-01,-1.892698945473575978e-01,-1.449666348645181901e-01,8.093595440901178995e-01,5.231941960073003273e-01
-2.054788865359185104e-02,1.330964002698877824e-01,2.222327204762050701e-01,4.144071650608501800e-01,7.267478630872218348e-01,5.648260329519952938e-01,9.265910200588463319e-02,2.321244742052123999e-02,1.854340503811009178e-01,4.126083215093694911e-01,8.478570136325518369e-01,3.171135945258932165e-01,-4.323749106110896245e-01,9.241503296122172140e-01,-2.044813680966023062e-01,-1.426285163141119139e-01,8.200463402125754975e-01,4.998875584014993434e-01
-2.660871553668521863e-02,1.377255144122728203e-01,2.356970568663326326e-01,4.429573609830439462e-01,7.814218453025487676e-01,6.809755367600677234e-01,9.947329541005152376e-02,4.684429430321719601e-02,2.267521046111788119e-01,4.184004461238399752e-01,8.248243491031510555e-01,4.022162440432431874e-01,-5.012487405428034393e-01,8.563161152430875944e-01,-2.222346890332357050e-01,-1.414348874616592477e-01,8.285552023685964773e-01,4.771684034321292955e-01
-1.108222471604874276e-02,1.439549110088397532e-01,2.455992847267053636e-01,4.677624169171537005e-01,8.326250087525225441e-01,7.915640477416200360e-01,1.227621277819527235e-01,7.918120772995494716e-02,2.692461024402050263e-01,4.301465505390991151e-01,7.988500480331495179e-01,5.381294531702265349e-01,-5.515194612427712917e-01,7.743283061878156737e-01,-2.422259668236484143e-01,-1.419806016840608753e-01,8.348783436359485943e-01,4.552304820497817817e-01
6.453544780468203380e-03,1.501811440987195212e-01,2.532549709096598156e-01,4.923058056552817030e-01,8.805286347277765380e-01,8.959977304985172752e-01,1.800053293567897006e-01,1.214849749393890621e-01,3.115126241120111938e-01,4.441503323610726528e-01,7.722712341363963118e-01,6.097227090899257629e-01,-6.033874641192412680e-01,6.750922934239806938e-01,-2.639362574093590541e-01,-1.437280363199264499e-01,8.388897165447161131e-01,4.350174414929517397e-01
1.721398681211783188e-02,1.552838803851266936e-01,2.568685994054628607e-01,5.097380832901754477e-01,9.261043717107992901e-01,9.876092687227825406e-01,2.156499149897283529e-01,1.494612203626246305e-01,3.545603760333368992e-01,4.598687521330411809e-01,7.441738058069399253e-01,6.861268411110867937e-01,-6.457959669326132079e-01,5.839218144997324611e-01,-2.869700782504068792e-01,-1.459801482278436091e-01,8.406206164542728843e-01,4.170412567203223286e-01
1.334998935850149893e-02,1.524728787288116838e-01,2.561043865757476334e-01,5.240014310835772182e-01,9.626478451724213015e-01,1.077526523151304261e+00,2.827646132171198201e-01,1.925273926836670313e-01,3.967885323970986589e-01,4.774870199843149199e-01,7.149876322491997005e-01,6.852058098284736776e-01,-6.771761317086752996e-01,5.001856885600221014e-01,-3.110915077938054552e-01,-1.487454652052306037e-01,8.405894908124519338e-01,4.010046653934695726e-01
-8.309131971802098671e-02,1.295898790719218208e-01,2.518291332527990423e-01,5.096223893313303055e-01,9.745010527997253202e-01,1.139749988110802636e+00,3.422484813855275476e-01,2.230073276850352282e-01,4.389977282997420960e-01,5.008825995898104066e-01,6.833555098309831433e-01,7.180672765477553732e-01,-6.920462398567372997e-01,4.196074700083928799e-01,-3.361261879608512526e-01,-1.521226150419309753e-01,8.393317335312143745e-01,3.867958851428074940e-01
-1.545110986171259471e-01,1.143363536854355572e-01,2.420466667170120545e-01,5.055048594132136586e-01,9.896623845627567917e-01,1.185850867203895653e+00,4.194773624213321561e-01,2.540282223299097919e-01,4.792217540480473437e-01,5.236875904571878237e-01,6.535950910575992756e-01,6.395001832848248302e-01,-6.998535724515897449e-01,3.362008561304264953e-01,-3.610577049284535711e-01,-1.548402012520855298e-01,8.368092151989087180e-01,3.752972078252698740e-01
-1.135933992661994907e-01,1.083157485302219253e-01,2.352853490674736425e-01,5.178312372550130105e-01,1.007983607576745655e+00,1.217603887682086938e+00,4.904768468605700260e-01,2.878804554598025089e-01,5.149983172590638647e-01,5.380604100041588289e-01,6.257909573610683784e-01,4.824843807276508745e-01,-6.559643686288492148e-01,2.502821384431405116e-01,-3.837032238044977839e-01,-1.551230984478684516e-01,8.330478792420161760e-01,3.671816020156636884e-01
-1.591289942735945109e-02,1.038217613163317787e-01,2.262869802605783631e-01,5.352793324233425798e-01,1.029364393486755791e+00,1.262762945641456191e+00,5.534803421832190651e-01,3.219066814574896851e-01,5.455665306780135282e-01,5.484108467267796438e-01,6.023324230995157347e-01,3.109536219284770309e-01,-5.847551094400698091e-01,1.788775757527195642e-01,-4.027749519023431368e-01,-1.530451235543627275e-01,8.283849567008532144e-01,3.625421819729034434e-01
1.819501283228726340e-02,8.991233083355983091e-02,2.068814653295657779e-01,5.320410878906989272e-01,1.040590379422161149e+00,1.302930216013262532e+00,6.330133294199242755e-01,3.615224283330808475e-01,5.695521250233051003e-01,5.635352214265852977e-01,5.788344125654141248e-01,1.008428598041317681e-01,-5.045700768995139418e-01,1.266230221764654829e-01,-4.206222406688572835e-01,-1.557854685310605392e-01,8.231803431321613740e-01,3.576489363567312285e-01
7.000059169538240533e-02,7.931952807224014468e-02,1.872371654578693367e-01,5.292487316503728945e-01,1.046664322230563826e+00,1.332822948346903624e+00,7.072618216251804757e-01,3.977594636684737561e-01,5.907794689423460088e-01,5.740717577762521895e-01,5.587861534430392796e-01,-1.190084302771319269e-01,-4.200149178882909284e-01,7.923975328248533678e-02,-4.359497798596714269e-01,-1.564302369914850610e-01,8.176693892246480466e-01,3.550006928921226046e-01
1.419913071222650425e-01,7.316625833985003491e-02,1.681021403176384266e-01,5.276729763420500152e-01,1.047286546113602279e+00,1.351552841927491366e+00,7.738980726962507717e-01,4.295207551216075892e-01,6.092396220752553937e-01,5.790208970363779351e-01,5.428029563355459830e-01,-3.426242527947431782e-01,-3.336656752829272321e-01,3.697013541396421132e-02,-4.483592778515052002e-01,-1.544657244553406250e-01,8.120245058333676047e-01,3.547036048205545189e-01
2.366546290732740032e-01,7.257542694386363846e-02,1.502244495810197977e-01,5.280845346054036105e-01,1.042157375272891873e+00,1.358231596040108125e+00,8.305943365303876114e-01,4.557092703504130871e-01,6.249236440621406263e-01,5.773830804675466055e-01,5.315001318460750301e-01,-5.640286122281297221e-01,-2.480983919599355492e-01,5.653491408064148516e-05,-4.574524430210694104e-01,-1.493782264423282879e-01,8.064181038133549917e-01,3.568638253834954810e-01
3.564780275087474082e-01,7.866993919175525873e-02,1.343521529201580356e-01,5.312541190801074453e-01,1.030977133910047527e+00,1.351970909969837153e+00,8.750228670248416663e-01,4.752279770128224334e-01,6.378225945431090782e-01,5.681587493303427161e-01,5.254929905777672161e-01,-7.772455130567286208e-01,-1.658891107958283540e-01,-3.125868187398506137e-02,-4.628309837450749198e-01,-1.406540384721490233e-01,8.010225940196451511e-01,3.615875078224138894e-01
5.039489723890241413e-01,9.257270039099919912e-02,1.212333100071997377e-01,5.379524424058339527e-01,1.013446146226684608e+00,1.331882483001759931e+00,9.048559180768629417e-01,4.869798427667669238e-01,6.479275331582676767e-01,5.503483448853508930e-01,5.253968431337628919e-01,-9.762989597599697200e-01,-8.961387466711812078e-02,-5.673314860705347407e-02,-4.640966084002323688e-01,-1.277794560645039990e-01,7.960103873072730263e-01,3.689808053787784203e-01
6.815549336744424203e-01,1.154066158490704291e-01,1.116159805142896838e-01,5.489502172222573417e-01,9.892647364244177011e-01,1.297078014420960601e+00,9.177657435837052180e-01,4.898678352701776872e-01,6.552295195477235712e-01,5.229523083931550964e-01,5.318270001172029637e-01,-1.155212956817286862e+00,-2.184872645031754601e-02,-7.612449894194472932e-02,-4.608510253632527309e-01,-1.102407747390941328e-01,7.915538945312734498e-01,3.791498712940573612e-01
8.917833813253410735e-01,1.482945908734423224e-01,1.062482241135733890e-01,5.650181561690506005e-01,9.581332287048619500e-01,1.246669203512521307e+00,9.114245974426185004e-01,4.827949221809861302e-01,6.597196133515843552e-01,4.849710811143401745e-01,5.453987721312276715e-01,-1.308011508708104120e+00,3.483029097806228380e-02,-8.919036653547940396e-02,-4.526959430108467575e-01,-8.752429001562046784e-02,7.878255265466814761e-01,3.922008588097194437e-01
1.137121785302058319e+00,1.923595307715895708e-01,1.058781004771967155e-01,5.869269718858873830e-01,9.197519472696324971e-01,1.179767749561524637e+00,8.835047335508532385e-01,4.646640711571250471e-01,6.613888742099569562e-01,4.354051043094903650e-01,5.667274697789779214e-01,-1.428718619911860666e+00,7.784713474150495305e-02,-9.568838504447763071e-02,-4.392330697197252554e-01,-5.911629741378413017e-02,7.849976942085320486e-01,4.082399211672331218e-01
1.420057615564932929e+00,2.487243408509864362e-01,1.112536692773055808e-01,6.154473770124404552e-01,8.738212163203444849e-01,1.095485351853053180e+00,8.316784058056627682e-01,4.343782498565239569e-01,6.602283617629487456e-01,3.732548192391896280e-01,5.964284036635945085e-01,-1.511358294907982458e+00,1.046257619635031499e-01,-9.537618812575976435e-02,-4.200641138665989760e-01,-2.450309245328616270e-02,7.832428083718599998e-01,4.273732116080667942e-01
1.743078342074303677e+00,3.185119264191075827e-01,1.231229901860445147e-01,6.513500841883834713e-01,8.200413600586127227e-01,9.929337096721903011e-01,7.536178681042979832e-01,3.908404259371153211e-01,6.562291356506668727e-01,2.975206671640231448e-01,6.351168843882176729e-01,-1.549954538175903673e+00,1.125901297675417911e-01,-8.801140943614638168e-02,-3.947907838281787263e-01,1.682902934617244717e-02,7.827332798917003842e-01,4.497068833736890259e-01
2.108671434790508226e+00,4.028451927834274526e-01,1.422341228755601428e-01,6.954058060533900854e-01,7.581127026860524643e-01,8.712245223040181452e-01,6.469953743440102212e-01,3.329535670568305461e-01,6.493822555132184871e-01,2.072030893445743760e-01,6.834082225559880985e-01,-1.538531354195058931e+00,9.916419527710834680e-02,-7.335168263245761544e-02,-3.630147879811753131e-01,6.539377246489061490e-02,7.836415196230881453e-01,4.753470897055683264e-01
2.519324363673886236e+00,5.028470452514195443e-01,1.693351270179976609e-01,7.483852552471330632e-01,6.877355684042785189e-01,7.294694890336191895e-01,5.094831784220483772e-01,2.596206408736011495e-01,6.396787809907107381e-01,1.013025270414290024e-01,7.419177287700469137e-01,-1.471112747444873525e+00,6.177191561568873279e-02,-5.115464137151382040e-02,-3.243378347022993768e-01,1.217048413831673670e-01,7.861399384210581154e-01,5.043999838451731499e-01
2.977524598684775370e+00,6.196403891305588552e-01,2.051740622855018625e-01,8.110591444092858371e-01,6.086102814149059181e-01,5.667803091460771325e-01,3.387535342356676749e-01,1.697446150453582603e-01,6.271097717232514412e-01,-2.118057848483007044e-02,8.112607136335340252e-01,-1.341722722404778967e+00,-2.162752093224917793e-03,-2.117791931013579543e-02,-2.783616323682620575e-01,1.862759405813016189e-01,7.904009471406452381e-01,5.369717190339721169e-01
3.485759609783514179e+00,7.543481297283201048e-01,2.504989883502198311e-01,8.841981861795222830e-01,5.204371659195500266e-01,3.822686819264732860e-01,1.324786956821172867e-01,6.222845723003384011e-02,6.116662873509468579e-01,-1.612457859736170507e-01,8.920524877495904503e-01,-1.144385283554212984e+00,-9.521585072614979772e-02,1.682084989485699289e-02,-2.246878893557739398e-01,2.596207745395923139e-01,7.965969566368844568e-01,5.731684485134336260e-01
