4.300944364566570699e-01,4.856734241643368422e-01,8.079969363963489248e-02,3.927608672308784410e-01,5.517325512607276217e-01,-6.799401573518821466e-04,3.137532480690194969e-01,1.198682601946969434e-01,-8.129927875544498139e-01,6.148924854720125843e-01,4.574431346493874617e-01,1.667008001021868246e-01,-2.939246941217313669e+00,2.122011249599586424e+00,-6.438607177597907572e-02,-5.594922530673878125e-01,4.219819835155095289e-01,7.520144088521816261e-01
4.096057793704959704e-01,4.407582519678772681e-01,8.951197444104855294e-02,4.132900949610979757e-01,5.452020267098697248e-01,5.088255378853753091e-02,3.194465332954590786e-01,1.317382091525578780e-01,-6.375984269544082705e-01,6.009076750029659353e-01,5.111013652333640245e-01,3.089044198213644621e-02,-2.558783805916811538e+00,1.752523673258883141e+00,-1.085238942129481826e-01,-4.781194456337408139e-01,4.484005726285391624e-01,7.534716639395858673e-01
3.894181837784010392e-01,3.983490987804199079e-01,9.699137487846275218e-02,4.307830806880802998e-01,5.388669317722253327e-01,9.636302668573386299e-02,3.214311618740650078e-01,1.409954039808368753e-01,-4.850214404824643721e-01,5.898989024902064893e-01,5.597005433188676493e-01,-8.167900859111523748e-02,-2.202189942877168516e+00,1.430596387963406713e+00,-1.465049484508979538e-01,-4.074963148180478223e-01,4.718126659522623445e-01,7.550216100332443059e-01
3.695460615800595927e-01,3.584020377165679783e-01,1.033175608230100934e-01,4.454067525577533604e-01,5.327586090896783144e-01,1.361725051157947897e-01,3.200585621800563496e-01,1.478546308331389614e-01,-3.537992811080774014e-01,5.815381284300782383e-01,6.035013204241711504e-01,-1.727900745994585818e-01,-1.869304528649332386e+00,1.153502174732508045e+00,-1.787051953150357586e-01,-3.469164489724235745e-01,4.924500100964088745e-01,7.565890071645144932e-01
3.500038246751588922e-01,3.208731418909247513e-01,1.085701981458231935e-01,4.573280387160450489e-01,5.269084013041123171e-01,1.707220156602779759e-01,3.156801625886520024e-01,1.525306758630691761e-01,-2.424694018007063079e-01,5.754973133189251744e-01,6.427643480675475640e-01,-2.442252790247838312e-01,-1.559966739784251821e+00,9.185138145855384906e-01,-2.055005956305689108e-01,-2.956734364489829181e-01,5.105443516707082185e-01,7.580986153647540915e-01
3.308058849633861431e-01,2.857184844180933880e-01,1.128289527180346696e-01,4.667138673088832013e-01,5.213476510574113210e-01,2.004225849007411353e-01,3.086473914750710867e-01,1.552383252242326150e-01,-1.495692555298104853e-01,5.714484176530912896e-01,6.777502777672694823e-01,-2.977671448489815909e-01,-1.274015752832875270e+00,7.229040885418491769e-01,-2.272671102227048212e-01,-2.530608655998405898e-01,5.263274372848902871e-01,7.594751946653206520e-01
3.119666543444286066e-01,2.528941384126771608e-01,1.161734904107771249e-01,4.737311664821958201e-01,5.161077009914590841e-01,2.256852394187418565e-01,2.993116772145325011e-01,1.561923650702343180e-01,-7.363629526484882781e-02,5.690634019289205758e-01,7.087197610416100524e-01,-3.351981950539419941e-01,-1.011290744346150960e+00,5.639457776207910111e-01,-2.443806999166508731e-01,-2.183723247771113818e-01,5.400310135486843244e-01,7.606435050975717260e-01
2.935005447179734883e-01,2.223561769892794526e-01,1.186834770951831486e-01,4.785468643819107970e-01,5.112198937481394756e-01,2.469210057958379501e-01,2.880244481822553104e-01,1.556075815546792696e-01,-1.320797397528072903e-02,5.680142266427569142e-01,7.359334494088420886e-01,-3.583009526215553686e-01,-7.716308908750271200e-01,4.389116628417144561e-01,-2.572173255376143941e-01,-1.909014023329100862e-01,5.518868270718203517e-01,7.615283066928649758e-01
2.754219679837081047e-01,1.940606732625032582e-01,1.204385786423853855e-01,4.813278891539559678e-01,5.067155719693362537e-01,2.645409106135869215e-01,2.751371327534585243e-01,1.536987608311725928e-01,3.317825536943463938e-02,5.679728522909444077e-01,7.596519943872382941e-01,-3.688579405337122363e-01,-5.548753689704528647e-01,3.450745252239715288e-01,-2.661529479108026841e-01,-1.699416866193516062e-01,5.621266244640277243e-01,7.620543594825580636e-01
2.577453360413197725e-01,1.679637003469519607e-01,1.215184609235164248e-01,4.822411689442592797e-01,5.026260782969332874e-01,2.789559804535466370e-01,2.610011593033610966e-01,1.506806890533193000e-01,6.698493979983832780e-02,5.686112393698269374e-01,7.801360474950715940e-01,-3.686516817723031192e-01,-3.608633551833757558e-01,2.797071457869129141e-01,-2.715635278614232373e-01,-1.547867659885505121e-01,5.709821523350362416e-01,7.621464234980085406e-01
2.404850607904955306e-01,1.440213313572287213e-01,1.220027898097088975e-01,4.814536318987485686e-01,4.989827553728143905e-01,2.905772418972746851e-01,2.459679562071820369e-01,1.467681523747244310e-01,8.967462634647116460e-02,5.696013483757484952e-01,7.976462602506149135e-01,-3.594646993192178730e-01,-1.894340260647453533e-01,2.400823055498890746e-01,-2.738250262146834091e-01,-1.447302287926218178e-01,5.786851572945754807e-01,7.617292587705739582e-01
2.236555541309228345e-01,1.221896394079368675e-01,1.219712311720954068e-01,4.791322061633518925e-01,4.958169458388634321e-01,2.998157215263286823e-01,2.303889518401404102e-01,1.421759369489930536e-01,1.027098620398738671e-01,5.706151398050530732e-01,8.124432841721412890e-01,-3.430795161563473528e-01,-4.042655816550855263e-02,2.234727855322520274e-01,-2.733134037957903884e-01,-1.390656633836800937e-01,5.854673859523751300e-01,7.607276253316119785e-01
2.072712279622888065e-01,1.024246976136795606e-01,1.215034508818085279e-01,4.754438198839969765e-01,4.931599923369641703e-01,3.070824459222663561e-01,2.146155745774551704e-01,1.371188289297302076e-01,1.075531939105872636e-01,5.713245741540846634e-01,8.247877707779232015e-01,-3.212786552655816363e-01,8.631987196338553048e-02,2.271513667533522352e-01,-2.704046214299516970e-01,-1.370866581138402429e-01,5.915605849181647669e-01,7.590662832124802639e-01
1.913464941842807909e-01,8.468257908905996167e-02,1.206791148099808919e-01,4.705554012066118785e-01,4.910432375090004187e-01,3.127884416666454892e-01,1.989992527943452993e-01,1.318116144705409609e-01,1.056671689891525157e-01,5.714016119191872578e-01,8.349403715862336872e-01,-2.958446396288110236e-01,1.909660877709882243e-01,2.483908302325403827e-01,-2.654746399423747460e-01,-1.380868013352170576e-01,5.971965008016740795e-01,7.566699924445363656e-01
1.758957646965859656e-01,6.891935694868150941e-02,1.195778888277451574e-01,4.646338782771243792e-01,4.894980239968560465e-01,3.173447353410235872e-01,1.838914148660298342e-01,1.264690797250303256e-01,9.851433430610989639e-02,5.705182135967047374e-01,8.431617381153455604e-01,-2.685599922279260365e-01,2.736729127063513012e-01,2.844639569891687092e-01,-2.588994201582666133e-01,-1.413596813999253299e-01,6.026068802126327562e-01,7.534635130591378349e-01
1.609334513988877891e-01,5.509110430714590778e-02,1.182794388062311519e-01,4.578461792414521003e-01,4.885556944424035430e-01,3.211623535269509944e-01,1.696434891677237045e-01,1.213060108468005799e-01,8.755723689199922111e-02,5.683463396829678826e-01,8.497125218835123173e-01,-2.412072360448135333e-01,3.346011702185197612e-01,3.326435280425777963e-01,-2.510549229028293805e-01,-1.461988866600766879e-01,6.080234697607562744e-01,7.493716050876250145e-01
1.489912136548163513e-01,3.902546156111010717e-02,1.152316260779050194e-01,4.507178948162017806e-01,4.941831209093544564e-01,3.371791878840990075e-01,1.676459606595384066e-01,1.179554053355594545e-01,8.596376813883915835e-02,5.584215258114947344e-01,8.578791479958592925e-01,-2.012100804650425179e-01,3.585654106481473979e-01,3.538358609278816624e-01,-2.423830241964820276e-01,-1.469936872188688237e-01,6.174229173119911707e-01,7.411361916861053389e-01
1.367046056113699615e-01,2.800741969921939634e-02,1.166470693556508065e-01,4.359289529832028887e-01,5.021226188351008979e-01,3.427569021031086627e-01,1.449663292896810063e-01,1.197057283926186294e-01,7.882599392317039821e-02,5.436842605262033334e-01,8.625192764687835689e-01,-2.066307041141932643e-01,3.590888240325467162e-01,3.955260474777803070e-01,-2.336662523029748029e-01,-1.478576851115863677e-01,6.273194917543644111e-01,7.321605662313550589e-01
1.095187849304004868e-01,1.970818587018900378e-02,1.129638437127299805e-01,4.245163766444692843e-01,5.032560580881615397e-01,3.471523686801697428e-01,1.383934662527926407e-01,1.159253379014490160e-01,7.403689745234430519e-02,5.289970133323520507e-01,8.664281927836283703e-01,-2.205741722636976598e-01,3.475084280972633444e-01,4.554651929097816021e-01,-2.253934983161937633e-01,-1.482696857178259497e-01,6.379737051245905066e-01,7.223594886357960210e-01
9.119620612783135849e-02,1.409612500714721439e-02,1.127785526067670990e-01,4.236897975400640837e-01,5.141059821661054796e-01,3.486600055813702248e-01,1.371741603896515227e-01,1.170962873052291131e-01,7.029008320482187100e-02,5.131768292104744722e-01,8.734834593677115455e-01,-2.397225288097702967e-01,3.283087918625545720e-01,5.090943325928490859e-01,-2.173950692906441717e-01,-1.478645787089662433e-01,6.495393229821392334e-01,7.118298201970825190e-01
5.688255295113832377e-02,9.653657759305309116e-03,1.177624314276420336e-01,4.125443115516330694e-01,5.120370487926955150e-01,3.413771612579752368e-01,1.236329959799783579e-01,1.123126132646994346e-01,6.942407401847847104e-02,4.958837530178618058e-01,8.831108310053894517e-01,-2.716613617561689509e-01,2.822480134128438345e-01,5.728363877465579845e-01,-2.099007610114652089e-01,-1.458883473107959183e-01,6.619884630775541012e-01,7.006005830003316781e-01
4.020861306211214597e-02,1.233495564144631434e-02,1.169973147388733287e-01,4.054896916392412010e-01,5.138325648024285597e-01,3.391807837580249063e-01,1.263644580395873462e-01,1.155082069482691320e-01,7.225767543166478069e-02,4.759520126529366291e-01,8.927827893524162839e-01,-3.164675906358479507e-01,1.938764840562234859e-01,6.540870512776855161e-01,-2.033971274471642610e-01,-1.414395986824439344e-01,6.754183737799104303e-01,6.884913483223259467e-01
5.990370183738687876e-02,1.701739746798650380e-02,1.162376212044254897e-01,3.961966647809122555e-01,5.152629217545566798e-01,3.411927740110657914e-01,1.501770767329788092e-01,1.254339351440322825e-01,8.169850378261005186e-02,4.523604589063501269e-01,8.995178018979214096e-01,-3.645689401329665347e-01,6.925402074824293930e-02,7.425961944862314867e-01,-1.984871670357567230e-01,-1.335789393298043026e-01,6.899165957524946435e-01,6.753163453880212108e-01
5.221954409424790777e-02,2.133648795502873438e-02,1.168965344544105889e-01,3.927538656462165045e-01,5.040446751123207614e-01,3.586020032400959456e-01,1.668225450618204264e-01,1.340739238362237129e-01,1.000519338880297565e-01,4.233360911587271680e-01,9.040672756661232157e-01,-4.232276958393342281e-01,-8.818564048531404853e-02,8.187030645623298852e-01,-1.955065123985526565e-01,-1.214073900961631230e-01,7.051961605564696089e-01,6.612756788062483793e-01
6.748256000079569383e-02,2.380266738244209493e-02,1.167058201941268414e-01,3.874775884215416188e-01,5.034359260398035829e-01,3.835453496093876313e-01,1.797558642580299737e-01,1.435319049718122575e-01,1.283475582876144883e-01,3.902359155374567901e-01,9.036281237359482521e-01,-4.601853279997115131e-01,-2.568667709620749418e-01,8.544185664522667700e-01,-1.949172881720789008e-01,-1.049136088701989739e-01,7.204806523730163947e-01,6.466987954808793848e-01
7.611441396150582517e-02,2.760972171568932057e-02,1.183653054163115170e-01,3.899537102985431991e-01,5.084808153467882397e-01,4.108816628227611178e-01,1.914477330442881653e-01,1.478586782608090344e-01,1.629246254518871284e-01,3.570882400109887667e-01,9.001963790259170928e-01,-4.863383698267106370e-01,-3.928278544858709309e-01,8.361722116168526231e-01,-1.967814834994310313e-01,-8.508811675258061424e-02,7.347363462253635458e-01,6.323384003415856158e-01
7.211574150892134660e-02,2.703079999193698860e-02,1.185239326801968140e-01,3.941824148802376415e-01,5.011319893124894786e-01,4.383395450788273862e-01,2.002770802081831336e-01,1.570351073012393461e-01,2.020686455594553066e-01,3.238820043103372570e-01,8.935268393227115968e-01,-5.007257277809715745e-01,-5.119030974133803591e-01,7.838346790913078843e-01,-2.005524828687337280e-01,-6.291231812737321794e-02,7.473197492094858507e-01,6.189224890574842597e-01
7.634309030203562108e-02,2.600717961387372101e-02,1.161720914230483515e-01,3.954451059779457434e-01,5.010651037425322141e-01,4.722369711613940702e-01,2.078812464250892889e-01,1.653836014486843031e-01,2.453706849150514013e-01,2.920091729130783742e-01,8.833376158957981783e-01,-5.005320267695999581e-01,-6.304196721705528361e-01,7.047519845840437558e-01,-2.065711559842694778e-01,-3.898486948500023974e-02,7.575858302772650044e-01,6.068130707249959066e-01
7.289983923781311048e-02,2.460890965814402365e-02,1.158060285063899630e-01,3.993610753271369940e-01,4.986237804390894479e-01,5.319694005695079220e-01,2.215751630148001805e-01,1.711375681831220352e-01,2.931919304277411098e-01,2.640203228492455367e-01,8.695469911328043144e-01,-4.830698906100078793e-01,-7.418502352656025645e-01,5.915280345657151218e-01,-2.151340946813630473e-01,-1.404799118009524526e-02,7.649801028784328771e-01,5.963607646835796805e-01
7.323562287617998989e-02,2.628737592045174432e-02,1.171288262311543094e-01,4.003711378193981485e-01,4.890392590360140845e-01,5.813151336645854261e-01,2.290735777224495173e-01,1.679153106574747811e-01,3.413677464385854177e-01,2.399754462028460267e-01,8.537529763973661368e-01,-4.529683127580259039e-01,-8.506861663024338771e-01,4.476883076300571807e-01,-2.263403219829789870e-01,1.126474721463046648e-02,7.689528144665823683e-01,5.879438211008939374e-01
6.624472502705827659e-02,2.679986400377348116e-02,1.162556983854950432e-01,4.061255564833626819e-01,4.880924666774963394e-01,6.362882932266135105e-01,2.393965519722160151e-01,1.704108655041261244e-01,3.921595135693609624e-01,2.209056167995953612e-01,8.344648548102496788e-01,-4.170995727360317651e-01,-9.546110655959360036e-01,2.906017951897248985e-01,-2.402205345807736092e-01,3.649183269202842944e-02,7.691511001166897454e-01,5.818514190224811644e-01
6.859159505941260504e-02,2.678495032939110995e-02,1.176444778211631903e-01,4.070244443120459854e-01,4.779181772420268981e-01,6.907308875242504920e-01,2.493647615434926301e-01,1.749739979356073061e-01,4.433838162194001509e-01,2.086850564705684530e-01,8.108977916592743362e-01,-3.710610288388154210e-01,-1.049807400700688786e+00,1.061894183561254978e-01,-2.568365132914848803e-01,6.116751352168096206e-02,7.651665526472766210e-01,5.783867547970557021e-01
6.875700126619899155e-02,2.668868934019575159e-02,1.165941936010223556e-01,4.116616931859122808e-01,4.806790147208738762e-01,7.291281759045549205e-01,2.578388920993708866e-01,1.769706225847390568e-01,4.946473729490986626e-01,2.035452408452525508e-01,7.833799905513518791e-01,-3.243915043978341517e-01,-1.115115289159353651e+00,-1.001830845133336312e-01,-2.757168487716752936e-01,8.460913769406466778e-02,7.567413349926858102e-01,5.779168599165627196e-01
7.316195836332158031e-02,2.815474872493625366e-02,1.194752443339818782e-01,4.149277878756532645e-01,4.696293377921114676e-01,7.610660355591822857e-01,2.644415824850240293e-01,1.803054105625443437e-01,5.408617687582036870e-01,2.075623404161139884e-01,7.530786554978842195e-01,-2.732446221428098676e-01,-1.128959603223409047e+00,-3.170372759267900964e-01,-2.962863975032882791e-01,1.056375472348327904e-01,7.438548160540928711e-01,5.805560515920465958e-01
6.663925950390120478e-02,2.874180518016989511e-02,1.188994861169167111e-01,4.233250904119859603e-01,4.559882969570290268e-01,7.841881059357169725e-01,2.663857833090541583e-01,1.738274527262710922e-01,5.815196631831951457e-01,2.194843228587266826e-01,7.206600689528601666e-01,-2.111901895545677255e-01,-1.104424275323853122e+00,-5.253544007387479509e-01,-3.177967417503754777e-01,1.233618732077379487e-01,7.269696418045009656e-01,5.861788112577616117e-01
7.561232025729908157e-02,3.178057931796124391e-02,1.143910371581709495e-01,4.292272900311940309e-01,4.400546176328010151e-01,8.029278156914660958e-01,2.687787501531358481e-01,1.675311705597468115e-01,6.151940840201091110e-01,2.384874943908579237e-01,6.873152342564811113e-01,-1.348743948095339762e-01,-1.044525592771166522e+00,-7.231335495359788590e-01,-3.398178897453277836e-01,1.369988300695508254e-01,7.065343374373391772e-01,5.944732892174610095e-01
7.054031517871009460e-02,3.250050305405607909e-02,1.134035711422467785e-01,4.395733126868242024e-01,4.231551649099322132e-01,8.222003503592398843e-01,2.713854796633649591e-01,1.602627879812075218e-01,6.393042360040048777e-01,2.653683918842843492e-01,6.557158976356151081e-01,-5.723654559184965934e-02,-9.414588270171845297e-01,-9.124831988910766523e-01,-3.618062491641302336e-01,1.457237742376745748e-01,6.830082545857911747e-01,6.052032171436297903e-01
7.502119643632480794e-02,3.219951798924806929e-02,1.160071371457887107e-01,4.403958244254886911e-01,4.129962410783717397e-01,8.161648315296439193e-01,2.680348741521238476e-01,1.476340692860199089e-01,6.528865919519011296e-01,2.994273545732561992e-01,6.263417982575190113e-01,1.651987188090299485e-02,-8.075495319726855303e-01,-1.079791796451685881e+00,-3.830602883775960366e-01,1.489770135755453806e-01,6.570276115580239162e-01,6.180120679323422017e-01
6.925231602750467341e-02,3.184384945170467413e-02,1.147914467188614895e-01,4.433604821208949609e-01,4.043883393825787875e-01,8.045055016693110073e-01,2.601351460247305347e-01,1.357428995784699388e-01,6.564311119046262188e-01,3.398787083501790818e-01,5.985089769883064070e-01,6.609471118117560273e-02,-6.494925113626575097e-01,-1.203875021783851862e+00,-4.029063130619761068e-01,1.467413957010952619e-01,6.296362646858134626e-01,6.322868548936511068e-01
7.084853111594593966e-02,2.832196264982959552e-02,1.114345141942460482e-01,4.432547306116381147e-01,3.841414446551561501e-01,7.930427611531093435e-01,2.527677908798354189e-01,1.254370986507194752e-01,6.510456003039843953e-01,3.845574055610943009e-01,5.745395471767738016e-01,1.181317767811179142e-01,-5.037237867646322531e-01,-1.295611981018502501e+00,-4.211975058113934800e-01,1.394339803370423791e-01,6.016926536963298489e-01,6.474317857529250375e-01
6.663790371532100909e-02,2.696346249245291232e-02,1.098699341726765005e-01,4.451234592047028649e-01,3.818899317529437232e-01,7.812433331394873504e-01,2.415287554793694447e-01,1.058305880626855544e-01,6.346926469751598132e-01,4.340078188201436094e-01,5.518091143726486791e-01,1.826748767584827626e-01,-3.768406103084192549e-01,-1.367100273825524681e+00,-4.383175668560807536e-01,1.275672886627771119e-01,5.733130741820738896e-01,6.630620783348509795e-01
6.160883194177220468e-02,2.567365562314052191e-02,1.098617994411952015e-01,4.454411656620002047e-01,3.779495582093085337e-01,7.546007317496578048e-01,2.335381895171015909e-01,9.418165258146755925e-02,6.102979399458854370e-01,4.859968106924247855e-01,5.264701368787165769e-01,2.185944958465456112e-01,-2.243398240866305848e-01,-1.401027797196843672e+00,-4.538376137612443184e-01,1.114023833755851123e-01,5.451758399914420350e-01,6.787623243356712965e-01
5.432327604121681836e-02,2.530668884742865582e-02,1.093908888743334307e-01,4.509090610060122462e-01,3.770696514207482197e-01,7.221169412267299803e-01,2.195003545575425485e-01,8.272930644438090952e-02,5.790759362517563513e-01,5.381718027132295079e-01,5.060945538445376091e-01,2.547703130665053828e-01,-6.336286589359864385e-02,-1.409645388934404053e+00,-4.671197748066372446e-01,9.118600273133817269e-02,5.181349249506632670e-01,6.941070965024629391e-01
4.834108489577598061e-02,2.702266526045568606e-02,1.079578203450448359e-01,4.508652238419186276e-01,3.736042558097154020e-01,6.912994148688877960e-01,2.068314141344752000e-01,6.999438431040967690e-02,5.414778356159496431e-01,5.912407508500469033e-01,4.921428145382381047e-01,2.652770405209696203e-01,1.051023290192959897e-01,-1.388866498538729122e+00,-4.778352172334839887e-01,6.727430308375609291e-02,4.927876151970860263e-01,7.087620936421978879e-01
4.103112480077671098e-02,2.873638202584902560e-02,1.082710075070748013e-01,4.522002236639048878e-01,3.788719463733823400e-01,6.584152147852694315e-01,1.939134605421747870e-01,5.159271784066127298e-02,4.978905499481632302e-01,6.415828982960717353e-01,4.834370496890371682e-01,2.500263409338112086e-01,2.702587821474571328e-01,-1.335637981423131393e+00,-4.852863719278650567e-01,4.064805209815352399e-02,4.699152163700224816e-01,7.224987770619820671e-01
2.975864661533207320e-02,2.936004477274850241e-02,1.091730588424453530e-01,4.475462533975492763e-01,3.743499395288343856e-01,6.174821498304339240e-01,1.816019963747577404e-01,3.799686995825272973e-02,4.491640905456716348e-01,6.873310346407465188e-01,4.764369856974809969e-01,2.073894832569813940e-01,4.405676421158479794e-01,-1.249396562257748311e+00,-4.891032085582153188e-01,1.203572546980646689e-02,4.502390119182393957e-01,7.349454425549510894e-01
2.170887788506146651e-02,3.096349073361758658e-02,1.087862071675569642e-01,4.388235616019645624e-01,3.899907685197357976e-01,5.721328295403074193e-01,1.700167829568099420e-01,2.989648512098738373e-02,3.953083326486409033e-01,7.271193154167340245e-01,4.740340435079271053e-01,1.608762016173133080e-01,6.066184851258856758e-01,-1.141670756355376293e+00,-4.890488150403097811e-01,-1.798882953213987862e-02,4.342056415524247481e-01,7.458672685159828397e-01
1.362431058123197286e-02,3.217737344243785935e-02,1.123935086499856795e-01,4.353663007224131132e-01,4.029001354510282074e-01,5.244705339323320059e-01,1.570816560424934394e-01,2.126960238507139347e-02,3.374682116018983824e-01,7.612096319932324384e-01,4.777923130340418489e-01,1.100902802955793514e-01,7.538885427955042129e-01,-1.017481366042830349e+00,-4.852522321752832934e-01,-4.891726512585823500e-02,4.220491331967610171e-01,7.551489904684547394e-01
4.245869042349438398e-03,3.415863248766053822e-02,1.117684901145059723e-01,4.355231202681915659e-01,4.180786405360757962e-01,4.774599207019136760e-01,1.482315201203684984e-01,9.341826385855574177e-03,2.788257272916812579e-01,7.899204114893891848e-01,4.862239905924398142e-01,5.194211805145197702e-02,8.737169561498567827e-01,-8.775757527197262098e-01,-4.780456881533371449e-01,-8.006725881141887879e-02,4.138837777230655046e-01,7.627024065995147151e-01
4.040161355433301293e-04,3.458163852468801314e-02,1.096263441577642883e-01,4.346662618854948978e-01,4.321137639184743917e-01,4.313350893439034106e-01,1.410607543196047420e-01,5.230623481113172955e-03,2.199067362568206119e-01,8.121856217293015323e-01,4.990116859641910430e-01,-2.185776696987117018e-02,9.522011205413211110e-01,-7.275930796457692473e-01,-4.677827710738790001e-01,-1.104736642064974850e-01,4.097483531207677943e-01,7.684751277107053635e-01
4.346197397285441952e-03,3.747308363676252890e-02,1.105396937313033179e-01,4.240612836110433381e-01,4.422740435386149915e-01,3.967331051291510535e-01,1.314762329165293231e-01,1.271720826881728075e-03,1.643710025027770028e-01,8.252057308783558032e-01,5.138948085467318627e-01,-1.039934057525394584e-01,9.918577469387427348e-01,-5.706297586449340375e-01,-4.547356581148941368e-01,-1.388610483396214290e-01,4.096031609519780736e-01,7.725022804072234628e-01
1.340693247887063920e-02,4.001835073135517201e-02,1.099268772930455801e-01,4.169438454944348060e-01,4.556809848788467843e-01,3.721711872804268628e-01,1.279050857962397703e-01,5.667107651692849211e-04,1.108006884227398098e-01,8.294352962413853447e-01,5.302708699375445756e-01,-1.479977885634275736e-01,9.996574677048131186e-01,-4.231702065009022018e-01,-4.397213220712868909e-01,-1.649399838046319289e-01,4.129510026106886778e-01,7.747751161262519393e-01
1.606021073035383828e-02,4.259751254045321400e-02,1.098532127801871705e-01,4.139629183360660769e-01,4.690951570915062874e-01,3.526880534531927069e-01,1.246105195463142884e-01,-5.025917128222736653e-03,6.317956465201081395e-02,8.279203356475437481e-01,5.488486161233313565e-01,-2.076593025561723760e-01,9.906106088862091097e-01,-2.883250571387935279e-01,-4.235844789130330246e-01,-1.885949757623983647e-01,4.192722111081976233e-01,7.753822616346501828e-01
1.430265680086684199e-02,4.567741226517779002e-02,1.134984763428619203e-01,4.150122986971534478e-01,4.893438595370359634e-01,3.464125600448983988e-01,1.178605001349443265e-01,-7.646204524254013660e-03,2.039745669114619020e-02,8.245132296617262435e-01,5.673085506939397060e-01,-2.681719391935067920e-01,9.539750772700775761e-01,-1.611201807609022874e-01,-4.068506638701198663e-01,-2.095814887526021020e-01,4.280715880546869800e-01,7.746256910597336676e-01
2.485204774352947621e-02,4.824392004752714458e-02,1.157649029194567358e-01,4.105978510799693226e-01,5.112972401574242820e-01,3.366111124689883938e-01,1.113640131880747897e-01,-1.603853583579259445e-02,-1.586259827838984102e-02,8.180400591092185092e-01,5.852238657694018853e-01,-2.929203982989566635e-01,9.054162168009085576e-01,-4.742810327248528357e-02,-3.900908994252219597e-01,-2.276867471965925704e-01,4.388334137079732411e-01,7.728027085144582031e-01
2.739143975427451444e-02,5.022246751558939737e-02,1.186500210181569287e-01,4.149530959291505838e-01,5.134588190838156319e-01,3.332510164376857320e-01,1.057302597077495604e-01,-2.218703704707327556e-02,-4.532715485640512187e-02,8.084414737966238995e-01,6.032011973531056226e-01,-3.080761503376248100e-01,8.416298928534943213e-01,5.921481983001600224e-02,-3.737704138853356062e-01,-2.428410183212845741e-01,4.511209695305270495e-01,7.701941407001305917e-01
2.955437446924617101e-02,5.254809686018700743e-02,1.206900309018556494e-01,4.089162213109743815e-01,5.165039202349812619e-01,3.275273289815395228e-01,7.416659770126179940e-02,-2.455514776718433628e-02,-6.851925513828344139e-02,7.977061002123385647e-01,6.168465573332599927e-01,-2.892104330129021128e-01,7.546320982807281919e-01,1.507043946292540293e-01,-3.587946323308104923e-01,-2.552164086653183617e-01,4.642773408385160172e-01,7.667244808543520751e-01
2.994348579176823663e-02,5.421119751858559377e-02,1.209815254466021506e-01,4.089713567132365335e-01,5.227599806736258348e-01,3.289283105144296671e-01,5.471690665900623418e-02,-2.175905978525169079e-02,-8.483310251605129249e-02,7.871346556148062223e-01,6.281696558360154725e-01,-2.494191974328106576e-01,6.530003625634233089e-01,2.268819745885106987e-01,-3.460307507040495389e-01,-2.650254773107870720e-01,4.776805622983686939e-01,7.623508915332615210e-01
2.863740945949324809e-02,5.783386460492341563e-02,1.224493925494496149e-01,4.056980311510677839e-01,5.256057809034997419e-01,3.425711590676190355e-01,4.091226733524435527e-02,-2.799523532471969930e-02,-9.359969884467378431e-02,7.786726116928982533e-01,6.371473847993835982e-01,-1.868491636002349021e-01,5.377556723147770557e-01,2.780725247033892233e-01,-3.359866221051567847e-01,-2.726208883997844334e-01,4.906565981928361908e-01,7.572696072636726505e-01
3.037553041933047787e-02,5.955933153801196145e-02,1.217095839141782709e-01,4.104663395876883558e-01,5.287634125068233493e-01,3.323751770148661300e-01,4.048519393247625858e-02,-2.734987996053677914e-02,-9.732577508784794051e-02,7.724203996391012517e-01,6.426958378627619650e-01,-1.270534410473877773e-01,4.184200247184122756e-01,3.176568387273824290e-01,-3.288734565955098166e-01,-2.781342906603860854e-01,5.027176423038849373e-01,7.516576148297797744e-01
3.195728376291610134e-02,5.885070604008560413e-02,1.172210198546090043e-01,4.058476198244183597e-01,5.244004848556873544e-01,3.072908286332318162e-01,4.335765800442770157e-02,-1.934259260577959882e-02,-9.365119822213863188e-02,7.663355729061152033e-01,6.444848857474063664e-01,-4.194378063510709881e-02,3.008931880141738624e-01,3.347001239926847282e-01,-3.246615171420053070e-01,-2.817333839485393066e-01,5.135270761829937580e-01,7.457929927834081596e-01
3.363032687090294903e-02,5.838069933227730407e-02,1.172969440151011150e-01,4.105851970532206074e-01,5.435265943567981761e-01,2.932999943444536406e-01,5.158503503870662255e-02,-3.846381063434626754e-03,-8.746648343487514743e-02,7.652752683695089875e-01,6.393165306780111967e-01,6.117646823163184339e-02,1.915262317641613921e-01,3.199890630039081141e-01,-3.239143854571813752e-01,-2.844060737672898798e-01,5.221100110339300659e-01,7.394048158669342952e-01
3.392995614713074232e-02,5.904413187752978465e-02,1.166100111344582080e-01,4.218133861450448219e-01,5.562908919100072458e-01,2.836680203410706369e-01,8.645275381518136015e-02,6.872935381281755456e-03,-7.814405921351830209e-02,7.680475939174662425e-01,6.282316229680560138e-01,1.659809343720140273e-01,9.573236810002731800e-02,2.935405620333999543e-01,-3.263530884909147667e-01,-2.866491612689310298e-01,5.282332537741969425e-01,7.326361315413021380e-01
3.505300102107652971e-02,5.907983431014215275e-02,1.182627174137418358e-01,4.265902812426733970e-01,5.717147947280740716e-01,2.886351777694562415e-01,9.893097997796497511e-02,3.058025449494308420e-02,-6.883047333210985663e-02,7.743986571253232976e-01,6.115694758696390565e-01,2.697497911754865862e-01,1.371090674908795673e-02,2.535341921345771743e-01,-3.317438578081228773e-01,-2.888651630254743807e-01,5.318075933881902806e-01,7.255806853947626145e-01
2.531663129701691023e-02,5.756180302982668445e-02,1.182694963566428836e-01,4.407523968220856125e-01,5.908512986082997687e-01,2.932995424149268948e-01,1.493735460344372268e-01,5.656394263478748546e-02,-5.867428258355107673e-02,7.830903003810869567e-01,5.895178176983126850e-01,3.804890800303670773e-01,-5.942154107483038628e-02,2.092976485458402647e-01,-3.398303586253060837e-01,-2.913571258505640027e-01,5.328321498197896577e-01,7.183439941814129259e-01
1.250623693208030747e-02,5.165553604487796435e-02,1.143770273428420525e-01,4.504955454890462452e-01,5.860554224705479820e-01,3.018857514934363273e-01,1.933512602109117018e-01,8.775295506360879239e-02,-4.856717177861653856e-02,7.950509937651498715e-01,5.633131272752422980e-01,4.871650544946847239e-01,-1.187565476750871984e-01,1.593452224757272717e-01,-3.506457635850671051e-01,-2.944659918354093353e-01,5.312682129739990655e-01,7.108097568693366730e-01
-3.727071668375581213e-03,4.400391722766419655e-02,1.147982256617625790e-01,4.582438772249821657e-01,6.029295671399194090e-01,3.082963718302255129e-01,2.738606976813129368e-01,1.181411483710490679e-01,-4.047836255877648726e-02,8.091509110501379221e-01,5.336884436779378849e-01,5.805219310808996669e-01,-1.629836766334885056e-01,1.045454636505128571e-01,-3.635775514985103429e-01,-2.983458356088226626e-01,5.273078657118189794e-01,7.032787145870386114e-01
-1.295547260438085699e-02,3.766605754467997058e-02,1.121372646083248076e-01,4.558215349616624446e-01,6.212037894831274887e-01,3.066350788899338542e-01,3.356457909998743494e-01,1.573641119967051083e-01,-3.279493194774420889e-02,8.248396063492072772e-01,4.999643997591905475e-01,6.728029357621744255e-01,-2.058971641931562346e-01,5.164846170949651677e-02,-3.784405336230671213e-01,-3.030465950035918787e-01,5.210776293800774006e-01,6.957851332462859917e-01
-1.720767752146575014e-02,3.466931285287531972e-02,1.091554335909025453e-01,4.650033871564137056e-01,6.421507230474685635e-01,3.310089940555348553e-01,4.013536326105280883e-01,1.953144420750649035e-01,-2.574489924094894300e-02,8.422315336958798859e-01,4.637002959411865022e-01,7.383521993177397658e-01,-2.419429793899720849e-01,7.086412284690361829e-03,-3.949356077420713707e-01,-3.084196871808473350e-01,5.128713593494748091e-01,6.884201509959123610e-01
-8.398215256747325330e-03,3.360366302882535072e-02,1.050044608878071134e-01,4.722943662112899510e-01,6.470934762814102292e-01,3.548107664402845862e-01,4.773049088742424284e-01,2.340131674497040182e-01,-1.975067783648451827e-02,8.599238658483974174e-01,4.254252969682123520e-01,7.987298261498368968e-01,-2.786460159087222332e-01,-3.659747247222188554e-02,-4.128429424454689300e-01,-3.143049650965856201e-01,5.029398643184339601e-01,6.812426467504886229e-01
4.309139176092821773e-03,3.574400126746006545e-02,1.040811688646798711e-01,4.744902917817135357e-01,6.570481279668848318e-01,3.793243278296478116e-01,5.536922971312595587e-01,2.665638435425891628e-01,-1.589331027530551874e-02,8.805992611740113274e-01,3.830463456871181505e-01,8.353445253924600689e-01,-2.955374652209534214e-01,-6.976421358791569383e-02,-4.319338434678478555e-01,-3.207311621624635567e-01,4.915193866180103122e-01,6.742533739386600278e-01
2.582595587365143011e-02,3.753454605239899683e-02,1.023990871661582397e-01,4.833372641971512840e-01,6.763342205204608826e-01,3.933147101888992414e-01,6.013564004573419552e-01,3.002054775130217346e-01,-1.047683979674360333e-02,9.004866617105917737e-01,3.393703309864416484e-01,8.135855118854699031e-01,-2.736270163834599867e-01,-7.411277124651714787e-02,-4.510483271290197105e-01,-3.275375378437418439e-01,4.798368183220561578e-01,6.674930839987347486e-01
4.893130485769674187e-02,4.054891599574645539e-02,1.014414484989988041e-01,4.856958843972007389e-01,6.881463025608315354e-01,4.095796538562268552e-01,6.658571383020766010e-01,3.326761620796741536e-01,-5.211707373723201142e-03,9.206601479547766864e-01,3.010544978953817452e-01,7.916582369001428088e-01,-2.491838316744220960e-01,-6.206144348317289838e-02,-4.695960543364481321e-01,-3.344631048012564056e-01,4.687640488797613081e-01,6.608403419660641154e-01
7.782406336115846313e-02,4.409249541490498775e-02,9.675358351813777291e-02,4.906201085205462165e-01,6.928260328102113785e-01,4.223209030035725009e-01,7.187256620580824151e-01,3.668754770861022418e-01,8.508013164880039777e-04,9.399258033705160109e-01,2.658376632969651210e-01,7.279904972326995960e-01,-2.191121002037165755e-01,-3.933953363526924291e-02,-4.872554004340324818e-01,-3.410475651242354522e-01,4.587748274654423475e-01,6.543977498916926372e-01
1.057533081136132064e-01,4.356870909341477999e-02,9.347935409691551789e-02,4.897641539969029845e-01,7.020973670512566933e-01,4.280997258619808066e-01,7.622559660030854278e-01,3.979989597335464313e-01,5.615950329911899644e-03,9.584394592476267460e-01,2.327182803335722527e-01,6.239363971611885384e-01,-1.863832395542673326e-01,-1.868163125497026775e-02,-5.031905515426152720e-01,-3.469395707506063853e-01,4.503285300643447564e-01,6.485232528503028782e-01
1.303739768008135291e-01,3.952800719484361736e-02,8.892661604454936419e-02,4.851440784450527510e-01,6.977633628898322060e-01,4.236866340333769188e-01,7.848357209475336216e-01,4.135222870474958290e-01,1.045126292471409285e-02,9.723270094928483376e-01,2.048157892449895545e-01,5.078273637232260107e-01,-1.420573571329846740e-01,4.614771354685166804e-03,-5.165995443262433318e-01,-3.517247332147716565e-01,4.437779076185227045e-01,6.435506805665556218e-01
1.510813877159830620e-01,3.570061603289315100e-02,8.322145769899938483e-02,4.886189645761470079e-01,7.017322079936518797e-01,4.224447316938989005e-01,8.041801124100591558e-01,4.308438419483386350e-01,1.359929198478075987e-02,9.846364963595686248e-01,1.859925939648808535e-01,3.340260765229166040e-01,-1.028800756375407438e-01,2.094494844989112231e-02,-5.269385621962751065e-01,-3.552614768255342725e-01,4.392964051121732161e-01,6.396774220025945867e-01
1.806231170198415725e-01,3.376319415176412542e-02,8.143543220932784876e-02,4.913391283975875878e-01,6.999421151382396733e-01,4.236531912483983420e-01,8.138224807925571458e-01,4.434273676908523365e-01,1.565941521197760158e-02,9.906222744336912189e-01,1.763934161378762910e-01,1.276922337312183520e-01,-5.913649811807548257e-02,2.925886828130915343e-02,-5.328734384589083328e-01,-3.566386438921466673e-01,4.370689385509741176e-01,6.375277154562087878e-01
2.183917714284523415e-01,3.777497256062400249e-02,7.626445456438306347e-02,4.908248325961588332e-01,6.962606972134257610e-01,4.174093329069757385e-01,8.139779445497551391e-01,4.495641187344378009e-01,1.817779895907026613e-02,9.902819736575763088e-01,1.757140983668681045e-01,-8.680369293882689297e-02,-9.858920762865496651e-03,3.120288928995660141e-02,-5.340046324321632287e-01,-3.557530239846522502e-01,4.371082301316608909e-01,6.372610207320418274e-01
2.595448130804345332e-01,4.080052775975921697e-02,7.559328272598692111e-02,4.864655768724387985e-01,6.842826440543753330e-01,4.113089621903017190e-01,7.894196986284522932e-01,4.435981970519695672e-01,2.031171491840672721e-02,9.867847622772931704e-01,1.819664462052219545e-01,-3.144150509892515988e-01,3.237403424922424833e-02,5.088727883130472751e-02,-5.323501180220537865e-01,-3.537762058219586780e-01,4.390444092039310631e-01,6.379373924171014565e-01
3.012271871596376438e-01,4.510592411753911596e-02,7.578307651216106833e-02,4.829353260513077339e-01,6.723850409970913988e-01,4.058053610906658393e-01,7.573731233385534445e-01,4.334786708415045986e-01,2.179502863505956151e-02,9.798925072265841640e-01,1.942481978064283243e-01,-5.362970379499354401e-01,7.410676338088417747e-02,6.862705232166220470e-02,-5.278841926396411477e-01,-3.505207711139129989e-01,4.423177198218750661e-01,6.398165981639732935e-01
3.428294766682936645e-01,5.083281827951861148e-02,7.689533821467846308e-02,4.806693979263968464e-01,6.613178717372351079e-01,4.015764770663650118e-01,7.187090038028207672e-01,4.195050796579777863e-01,2.253947724556448068e-02,9.695245793478796115e-01,2.126056328300202081e-01,-7.463328055916792492e-01,1.145478382229544456e-01,8.346054621823689734e-02,-5.205440032946475615e-01,-3.459711429623729684e-01,4.468971043259530318e-01,6.429360456759956044e-01
3.837422646086289801e-01,5.812286689125174821e-02,7.899157012531025923e-02,4.801031102913257964e-01,6.518311199704514003e-01,3.993002575756869343e-01,6.742981251440001156e-01,4.019769630563140295e-01,2.245679788645687375e-02,9.556003494835874079e-01,2.370850309355262420e-01,-9.384055056852766974e-01,1.529058303662754192e-01,9.442609697823597936e-02,-5.102666969967837307e-01,-3.401117444691881264e-01,4.527515050566147670e-01,6.473331426564917779e-01
4.233561339828699754e-01,6.711772659829252918e-02,8.213327453582768001e-02,4.816717809397145222e-01,6.446747693923857714e-01,3.996546500769195265e-01,6.250112724848351231e-01,3.811938605914375611e-01,2.145872769427215054e-02,9.380391884761150045e-01,2.677326717824751734e-01,-1.106398290001520568e+00,1.883893114016874648e-01,1.005620410588665692e-01,-4.969894207557598031e-01,-3.329269987362081240e-01,4.598498643543100783e-01,6.530452968087850918e-01
4.610616677932434238e-01,7.795905404619495049e-02,8.638195373800186538e-02,4.858107276651831841e-01,6.405988036986839385e-01,4.033176020283502639e-01,5.717192309480716439e-01,3.574553118182738354e-01,1.945700380554570702e-02,9.167604671678701855e-01,3.045948350303959162e-01,-1.244194310311203866e+00,2.202068529200312264e-01,1.009067149173368955e-01,-4.806493215812864817e-01,-3.244013288652826121e-01,4.681611245594887727e-01,6.601099158361991570e-01
4.962494490419753768e-01,9.078850588051311232e-02,9.179911002360403860e-02,4.929552682613512204e-01,6.403532065849913968e-01,4.109670608882674547e-01,5.152927856564546438e-01,3.310608562917465303e-01,1.636336335681292525e-02,8.916835564012606241e-01,3.477178003388164962e-01,-1.345676718385117043e+00,2.475670265121471258e-01,9.449845501085382682e-02,-4.611835464830741915e-01,-3.145191579582611863e-01,4.776542280126006013e-01,6.685644074420573624e-01
5.283100607312928298e-01,1.057477387468009067e-01,9.844624568440536738e-02,5.035407205218388471e-01,6.446879617469534196e-01,4.232809741149582416e-01,4.566027217327284782e-01,3.023100335667813221e-01,1.208954348460920120e-02,8.627278270186943265e-01,3.971478473672662712e-01,-1.404728665994055437e+00,2.696784037688749747e-01,8.037559779662507842e-02,-4.385292424708331360e-01,-3.032649091169935529e-01,4.882981170540955373e-01,6.784461793296828747e-01
5.566340858634218902e-01,1.229784092906124338e-01,1.063848630121770472e-01,5.180024022402660577e-01,6.543530528802150581e-01,4.409372891667107663e-01,3.965198242996384459e-01,2.715023831983018887e-01,6.547281325469972435e-03,8.298126498625785219e-01,4.529312557752733781e-01,-1.415233304908814160e+00,2.857495562810556944e-01,5.757647973185775481e-02,-4.126235565542739625e-01,-2.906230054433292520e-01,5.000617340244231102e-01,6.897926392023994158e-01
5.806121074405889981e-01,1.426221741575017798e-01,1.156764642986902181e-01,5.367756312102522909e-01,6.700984636804220296e-01,4.646139535018126709e-01,3.359148784799293463e-01,2.389374447412343783e-01,-3.516859840694344652e-04,7.928573957753214385e-01,5.151143052223671193e-01,-1.371073786900181224e+00,2.949890556395297070e-01,2.513943727375961279e-02,-3.834036357431069852e-01,-2.765778700391180456e-01,5.129140212640332930e-01,7.026411947635302635e-01
5.996347084650207604e-01,1.648206899930227953e-01,1.263825518357161171e-01,5.602957252254177067e-01,6.926741778432201624e-01,4.949889145785519307e-01,2.756586693963461454e-01,2.049147577505023021e-01,-8.695621307473588857e-03,7.517814355993304165e-01,5.837432753680754649e-01,-1.266133263738951742e+00,2.966054734351371014e-01,-1.789719312046267330e-02,-3.508066270470426296e-01,-2.611139260062094181e-01,5.268239211133758371e-01,7.170292537163986957e-01
6.130924719389438948e-01,1.897156134427296081e-01,1.385646279150259119e-01,5.889980020793823545e-01,7.228301790642543967e-01,5.327401198552157435e-01,2.166219821716344751e-01,1.697338617810306427e-01,-1.857278750820710173e-02,7.065041401770131291e-01,6.588644458719274954e-01,-1.094294887195916166e+00,2.898073812587181886e-01,-7.249507499360058338e-02,-3.147696774757914873e-01,-2.442155964464530205e-01,5.417603759129006047e-01,7.329942237643284342e-01
6.203759808645836760e-01,2.174486011521762630e-01,1.522841948283907287e-01,6.233177795657655063e-01,7.613164510391701167e-01,5.785455167900925844e-01,1.596756019285387462e-01,1.336942963877440216e-01,-3.007144744973458059e-02,6.569448803507773604e-01,7.405240963934518472e-01,-8.494418090418727196e-01,2.738033507011137790e-01,-1.396158718884470407e-01,-2.752299340390639282e-01,-2.258673044616986980e-01,5.576923280030572361e-01,7.505735126106425348e-01
6.208758182441680429e-01,2.481613097669167212e-01,1.676027548675818601e-01,6.636903754781878773e-01,8.088829774636127068e-01,6.330830528414694847e-01,1.056903137898029255e-01,9.709560112556722689e-02,-4.327986399552062602e-02,6.030230269630312279e-01,8.287685065921768235e-01,-5.254571810476085236e-01,2.478019533531638507e-01,-2.202212473477951904e-01,-2.321245437465700168e-01,-2.060534731537957964e-01,5.745887197242959266e-01,7.698045279586646084e-01
6.139825670799229362e-01,2.819953959325049442e-01,1.845818103243704045e-01,7.105511076102689616e-01,8.662797420332286613e-01,6.970306754676349748e-01,5.553690287817358850e-02,6.023731554942529653e-02,-5.828630000902984554e-02,5.446579508561818495e-01,9.236439561276317267e-01,-1.162241549839225785e-01,2.110117608057091587e-01,-3.152728649144379558e-01,-1.853906536080208722e-01,-1.847585256245941610e-01,5.924184934170659833e-01,7.907246775117181548e-01
