2.287367971807400049e-02,-1.062755370505055058e-02,5.402971790650010209e-02,1.508433205457323512e-01,3.974718803079417828e-01,1.987244862881107632e-01,6.195554496406333045e-02,1.889598211237023895e-03,-8.409956161659588592e-01,4.500048263784066638e-01,3.244289985829146294e-01,6.372502869460869128e-03,1.281162588427198490e-01,-1.075442723286175878e-01,-1.518016660340034130e-01,-5.653441867468388393e-01,1.742075504432627486e-01,7.918139221125273242e-01
2.141612391906085044e-02,6.929565141690322005e-02,6.664275531171245937e-02,1.564558499533570679e-01,3.810536826858807458e-01,2.096012735888059253e-01,5.498336896018875264e-02,-3.718691034063408007e-03,-8.219161758304404097e-01,4.737459439048480880e-01,3.547428770066952675e-01,-7.800870052060940307e-02,-8.813464653483077393e-02,9.893162062079575991e-02,-1.578046855258344039e-01,-5.518322475043314634e-01,1.881748663845265457e-01,7.989572880238079433e-01
2.036025039403780573e-02,1.378272716620378147e-01,7.736567722360937482e-02,1.618955329320603542e-01,3.684465569176392785e-01,2.193651578458171159e-01,4.962353129522414918e-02,-8.017188820538125038e-03,-7.979332394496186920e-01,4.948187069137459093e-01,3.849505675538690275e-01,-1.498653657784218274e-01,-2.721601501085656460e-01,2.735056174353794889e-01,-1.639136580380313735e-01,-5.365100586877253885e-01,2.024204111470896683e-01,8.055497540889604569e-01
1.967776702542653119e-02,1.956215614185995155e-01,8.631861049801146935e-02,1.671604354893086453e-01,3.594262163605171922e-01,2.280868759991125927e-01,4.575556284319258482e-02,-1.110619027301087275e-02,-7.695578071348400107e-01,5.133689120712794374e-01,4.149462308857174153e-01,-2.098966293620322665e-01,-4.258278128918291383e-01,4.180925953048748034e-01,-1.700957993564039816e-01,-5.195891808188017880e-01,2.168643464950562594e-01,8.116127755858502102e-01
1.934038169564868820e-02,2.433327750748345009e-01,9.362168199073939157e-02,1.722486236325684317e-01,3.537683743718141871e-01,2.358371649886606969e-01,4.325899447811715204e-02,-1.308599051630539994e-02,-7.373008789974505595e-01,5.295423560436279820e-01,4.446240276635218258e-01,-2.588016277294964418e-01,-5.510051958979651499e-01,5.346074314190226717e-01,-1.763183252667618883e-01,-5.012811744193422792e-01,2.314268341925304617e-01,8.171678077923422157e-01
1.931980228712594505e-02,2.816151670189890321e-01,9.939501855761376237e-02,1.771581633693061486e-01,3.512487443088301298e-01,2.426867617544296585e-01,4.201335707402095027e-02,-1.405688467524544502e-02,-7.016734551487966431e-01,5.434848354969710194e-01,4.738781185485635428e-01,-2.972794973388703799e-01,-6.495598601403180794e-01,6.249650029675644092e-01,-1.825484515549146980e-01,-4.817976000111279800e-01,2.460280360036165015e-01,8.222363059863015966e-01
1.958773668227995618e-02,3.111229916393093431e-01,1.037587470544552443e-01,1.818871207069882312e-01,3.516430395288646649e-01,2.487064032363878463e-01,4.189818150492704424e-02,-1.411916787465475678e-02,-6.631865357002244554e-01,5.553421470974876373e-01,5.026026642021241830e-01,-3.260293746482098021e-01,-7.233593666322319926e-01,6.910801871402409979e-01,-1.887533940066721261e-01,-4.613500181159404523e-01,2.605881136924185215e-01,8.268397254455934764e-01
2.011589276353239336e-02,3.325105033240416397e-01,1.068329943370844304e-01,1.864335616530811701e-01,3.547269733892176036e-01,2.539668263745035182e-01,4.279299864485853339e-02,-1.337313523935708404e-02,-6.223511207630801900e-01,5.652600875113572565e-01,5.306918252854848639e-01,-3.457503961155706240e-01,-7.742712763870512882e-01,7.348678611267938088e-01,-1.949003684078437770e-01,-4.401499892555609250e-01,2.750272290230406647e-01,8.309995214480832004e-01
2.087597841330491449e-02,3.464319564614322111e-01,1.087378872613219971e-01,1.907955522150514005e-01,3.602762592471887015e-01,2.585387681087448764e-01,4.457733936783850326e-02,-1.191908189417615824e-02,-5.796782104487101517e-01,5.733844534047594088e-01,5.580397624599272577e-01,-3.571416981990085948e-01,-8.041631504181201429e-01,7.582429021169638794e-01,-2.009565905442393385e-01,-4.184090739517709046e-01,2.892655437595871293e-01,8.347371492716357810e-01
2.183970151401918441e-02,3.535416054397272356e-01,1.095935526829885515e-01,1.949711584003653853e-01,3.680666104600777144e-01,2.624929653790804007e-01,4.713073454789003247e-02,-9.857302963935735129e-03,-5.356788048684605341e-01,5.798610414438731819e-01,5.845406363867324817e-01,-3.609024173565795746e-01,-8.149025497387824002e-01,7.631201873004923586e-01,-2.068892762016684428e-01,-3.963388327263517308e-01,3.032232196661620582e-01,8.380740641941162306e-01
2.297876994809686796e-02,3.544937046471728914e-01,1.095201174579047421e-01,1.989584462164895873e-01,3.778737403851843979e-01,2.659001551254782658e-01,5.033271505903621351e-02,-7.288093573459565253e-03,-4.908639041336776421e-01,5.848356482948779966e-01,6.100886077271823194e-01,-3.577316900463394234e-01,-8.083570353623825699e-01,7.514145938671202840e-01,-2.126656411659407775e-01,-3.741508261010846881e-01,3.168204185068696499e-01,8.410317214933898944e-01
2.426489159795962303e-02,3.499425084720155787e-01,1.086377084418911620e-01,2.027554816708904695e-01,3.894733623798085076e-01,2.688310742879067572e-01,5.406281177530010418e-02,-4.311748847571380064e-03,-4.457445083557075582e-01,5.884540706239531627e-01,6.345778371425578879e-01,-3.483286527263438903e-01,-7.863941683022650508e-01,7.250409990065885824e-01,-2.182529012228659471e-01,-3.520566145977512829e-01,3.299773020458141026e-01,8.436315764473218959e-01
2.566977434602912139e-02,3.405422713025013648e-01,1.070664524907685017e-01,2.063603307710344392e-01,4.026411898012497992e-01,2.713564598063341604e-01,5.820055557070483859e-02,-1.028563911094921212e-03,-4.008316176458966984e-01,5.908621050972779898e-01,6.579024852941405266e-01,-3.333924418546488910e-01,-7.508815095717735755e-01,6.859142799086389575e-01,-2.236182721582536392e-01,-3.302677587381327440e-01,3.426140320470995038e-01,8.458950843337772474e-01
2.716512607472702442e-02,3.269472475268767053e-01,1.049264764603573541e-01,2.097710595243879872e-01,4.171529360068080838e-01,2.735470486207288721e-01,6.262547731927348149e-02,2.461166111146034091e-03,-3.566362321155912007e-01,5.922055483810320098e-01,6.799567128432117968e-01,-3.136221938893103411e-01,-7.036866201842525426e-01,6.359493137630123361e-01,-2.287289697579135139e-01,-3.089958190440105779e-01,3.546507702748300517e-01,8.478437004306212943e-01
2.872265466647499349e-02,3.098116915333875010e-01,1.023379072064783679e-01,2.129857339384175763e-01,4.327843143537830062e-01,2.754735776710590667e-01,6.721710789502907679e-02,6.057146094327784530e-03,-3.136693518761373145e-01,5.926301971413943104e-01,7.006346804510531490e-01,-2.897170452883838787e-01,-6.466770611530457957e-01,5.770609777594496448e-01,-2.335522098076552033e-01,-2.884523560371660689e-01,3.660076784931098892e-01,8.494988800157189379e-01
3.031406800369400301e-02,2.897898577102738238e-01,9.942087158494987420e-02,2.160024200205846456e-01,4.493110381994640523e-01,2.772067838972867571e-01,7.185497817199311410e-02,9.659080913626201179e-03,-2.724419770388752382e-01,5.922818480445306566e-01,7.198305487789294910e-01,-2.623761325099203678e-01,-5.817203934914856323e-01,5.111641490876822624e-01,-2.380552080932829828e-01,-2.688489302393742841e-01,3.766049184660346660e-01,8.508820783669157617e-01
3.185785926703356419e-02,2.729771754565387676e-01,9.742289114723785837e-02,2.171589076795091278e-01,4.668282785853846706e-01,2.750583109271707571e-01,7.231052313494576445e-02,1.157797368415892925e-02,-2.358338692296941541e-01,5.927549708008760243e-01,7.376972282965750249e-01,-2.340989898301960581e-01,-5.200080925758627792e-01,4.542905675419601774e-01,-2.420348648571334638e-01,-2.510176068971965435e-01,3.864792839304296845e-01,8.525298960774604362e-01
3.394080245577247440e-02,2.518047290583551590e-01,9.221530721062724811e-02,2.200969015328377021e-01,4.809257682424732394e-01,2.808841344563599574e-01,7.719497745993818272e-02,1.375808172114665641e-02,-2.029884748047025012e-01,5.925216682519580669e-01,7.528804594277557216e-01,-2.019235892577063984e-01,-4.515557175851272476e-01,3.927154798556956594e-01,-2.454185943749700727e-01,-2.352464254807792865e-01,3.950037259848407367e-01,8.536987135380260661e-01
3.558763365120846955e-02,2.322483826477892421e-01,9.062225562887317454e-02,2.225680521850451898e-01,5.064991043720388220e-01,2.803246457022573468e-01,7.752804952114462911e-02,1.520741971339783019e-02,-1.747374864906673375e-01,5.898639448661253670e-01,7.645151217577434988e-01,-1.666874322697471378e-01,-3.757881748236758246e-01,3.285209215120296067e-01,-2.480805602748137606e-01,-2.217146621246552374e-01,4.021091801976267033e-01,8.543294216518509954e-01
3.744099664036408537e-02,2.206581980050472402e-01,8.612510490829584919e-02,2.279541482847176337e-01,5.272042556395746260e-01,2.855005945719962801e-01,8.030741611058796192e-02,1.637610946954423316e-02,-1.518293981159585804e-01,5.878418906897679985e-01,7.759652652252323479e-01,-1.264194558343665620e-01,-2.969550681759453026e-01,2.674203712569331870e-01,-2.500927270044019934e-01,-2.105371631535613297e-01,4.078291403186136699e-01,8.544342185402952206e-01
3.826441223808207948e-02,1.942876581903144606e-01,8.990052417467137014e-02,2.316983844137481818e-01,5.397376172046204346e-01,2.921828245543554581e-01,8.463644904721842610e-02,1.747294243093918190e-02,-1.317379751175517255e-01,5.873064551679760825e-01,7.845914850148972830e-01,-1.021214968060365352e-01,-2.279900966101320592e-01,2.235696272006697516e-01,-2.519332750043360436e-01,-2.015967064791087671e-01,4.125965309910492040e-01,8.540903918082713986e-01
3.820114210433865620e-02,1.628220648911290203e-01,8.950779741593539729e-02,2.324038464049873465e-01,5.539874071122199428e-01,2.975327662918887395e-01,8.724724592318817973e-02,1.735679654256732513e-02,-1.164934681211419326e-01,5.861826528371033573e-01,7.904036069907035555e-01,-7.492423225692722288e-02,-1.712242825350593634e-01,1.883649190842568433e-01,-2.536120033741032231e-01,-1.945811177646172008e-01,4.166347426977605739e-01,8.535716483825984691e-01
3.686162298708500068e-02,1.337932756001189161e-01,8.665612210221389222e-02,2.318154341611734781e-01,5.572449151409528678e-01,3.001937273453264554e-01,8.950734548640867927e-02,1.916858201526297142e-02,-1.034608667932779558e-01,5.853519476343528316e-01,7.942127833798734438e-01,-5.281707773880606888e-02,-1.035673436520351542e-01,1.313899800289649866e-01,-2.549150887292059298e-01,-1.894641712374225406e-01,4.198491439095402011e-01,8.530175854466841567e-01
3.747443942534275235e-02,1.225876829846316296e-01,8.476298931470525877e-02,2.329312481626915066e-01,5.754423094646152759e-01,2.959415224282415657e-01,8.941379607437376087e-02,1.972716691031206615e-02,-9.708170852714906318e-02,5.847213641735631295e-01,7.959255450342367366e-01,-2.918315061605732813e-02,-3.718658795768613884e-02,6.089783523595663356e-02,-2.554366902608289913e-01,-1.866789204912040756e-01,4.217507340807924998e-01,8.524795136104615922e-01
3.767554806474149309e-02,1.079682147241598500e-01,8.487190433064929762e-02,2.336751241637034515e-01,5.843290516784060973e-01,2.920657748069300785e-01,8.981465756459103278e-02,1.986771699312781664e-02,-9.675567747307384225e-02,5.845332902246046514e-01,7.966767051774514830e-01,-1.017761601528773506e-02,1.335695671072858158e-02,2.451810112915448273e-03,-2.553990251902400477e-01,-1.859721368821751208e-01,4.223675343600215570e-01,8.520566133638711737e-01
3.806872675300421172e-02,9.396065904289228887e-02,8.323185207811438502e-02,2.300750535537025854e-01,5.851836504134690919e-01,2.959830999447015665e-01,9.058700512578754527e-02,1.984828402347805359e-02,-9.913827666788620208e-02,5.840275297995111137e-01,7.965711388600784648e-01,6.707223024580211135e-03,4.415321409470326225e-02,-4.217854545964429963e-02,-2.550526205496257415e-01,-1.867650145305404241e-01,4.219855065190395993e-01,8.518826648484719710e-01
3.777994378541814358e-02,8.018675092694867168e-02,8.433320433477672906e-02,2.302052092574033426e-01,6.038234837438087865e-01,2.957815393757761147e-01,9.170372298635900976e-02,1.974795566854204917e-02,-1.044359480072530738e-01,5.835435442789832505e-01,7.947398743237250596e-01,1.739843717136430046e-02,6.530508410069257863e-02,-8.457923613295059706e-02,-2.544718483209852944e-01,-1.886988113748541140e-01,4.207204704597827249e-01,8.520405570518139182e-01
3.786535846597176985e-02,6.588182561708702534e-02,8.579384056519634427e-02,2.288882866164866081e-01,6.032545044696446812e-01,3.024258072778892026e-01,9.024444254451956249e-02,1.808575886919692663e-02,-1.124600250278060404e-01,5.830005048222637321e-01,7.920797315040518649e-01,3.653898157737123231e-02,8.119257325884432497e-02,-1.339335327098310491e-01,-2.537403719174808336e-01,-1.916504626318213944e-01,4.184100779869273090e-01,8.525647465332193420e-01
3.781338657039681056e-02,6.256240324319091439e-02,8.870110321070673320e-02,2.316839226688925391e-01,6.153309652831574494e-01,3.038353754717873501e-01,9.053277358257888485e-02,1.659619914906600505e-02,-1.222167623116565544e-01,5.828289719005830261e-01,7.891274790802729200e-01,5.340699446940544437e-02,9.436444234340174431e-02,-1.857740929404293473e-01,-2.529608046289331114e-01,-1.955196112677020093e-01,4.148985318684029755e-01,8.534687484725481665e-01
3.911855904361832142e-02,1.560647348550809818e-02,8.400781507552480820e-02,2.320667069780402436e-01,6.122402192497913287e-01,3.084821148657151402e-01,9.090832701929879578e-02,1.564172398859376908e-02,-1.342452492194578795e-01,5.823811297590621994e-01,7.864990851577327025e-01,6.199674293852643070e-02,1.052253201475093214e-01,-2.389661534023872491e-01,-2.520316828510405505e-01,-2.002602143524681577e-01,4.101135010877555165e-01,8.548052326178152693e-01
3.864448497006937183e-02,2.578934958198559474e-02,9.153922063862607317e-02,2.324476835690809651e-01,6.081886710425783438e-01,3.159461829293323532e-01,8.892028903117502048e-02,1.337439355294546203e-02,-1.490199416649778119e-01,5.831633969087992586e-01,7.832664252894446788e-01,6.291777422113961626e-02,1.203303934313924989e-01,-2.943776628881281110e-01,-2.507320513332209067e-01,-2.059141106032374435e-01,4.041311885092907508e-01,8.566386031271343571e-01
3.839727951894326974e-02,3.064759199442716048e-02,9.730945683602644503e-02,2.281358239544666044e-01,5.996431356214753094e-01,3.230631691164141950e-01,8.700004047206209845e-02,1.120965111986684665e-02,-1.652408630327850958e-01,5.839322337319107215e-01,7.806576830948346313e-01,7.274945264941713730e-02,1.070183064482206764e-01,-3.412523060836539224e-01,-2.493327898816216359e-01,-2.120720721153405985e-01,3.969018032465186363e-01,8.590102425348661308e-01
3.850393488725362134e-02,3.371031839713566070e-02,1.005981480021043151e-01,2.262670953614018543e-01,5.831802468214362101e-01,3.208988786128623150e-01,8.363497321596534417e-02,9.951479317426169605e-03,-1.811380246517552972e-01,5.852756120278709284e-01,7.778945908964325362e-01,9.834823315432175694e-02,6.395198137906318858e-02,-3.780360680497492631e-01,-2.485511368285244771e-01,-2.179497223356480773e-01,3.883588496680137059e-01,8.617931711967532493e-01
3.724350343717924838e-02,5.050899083554172969e-02,1.035008913523473018e-01,2.267013996365978279e-01,5.674314066736442230e-01,3.150084291613494125e-01,8.226065552515281210e-02,6.637932027377661803e-03,-1.951501510516690518e-01,5.863522600869517376e-01,7.756855490475348391e-01,1.312707948151426440e-01,-2.829196571471957397e-03,-4.124235061285236315e-01,-2.487849748228951052e-01,-2.228114464534496630e-01,3.783839649342126688e-01,8.649162673275456736e-01
3.662210033791346575e-02,6.325973050294882161e-02,1.096656620265906018e-01,2.224428677061385806e-01,5.474864008700830453e-01,3.148949948501380547e-01,7.801794112812943105e-02,4.178983472392121777e-03,-2.071597762507536300e-01,5.892579507533486360e-01,7.723356700784782536e-01,1.670457891563488784e-01,-7.933789108274244550e-02,-4.453212291901614273e-01,-2.503021402457104583e-01,-2.262997306162920774e-01,3.667996041179414357e-01,8.682997529998910391e-01
3.404022695165499768e-02,7.233221575222921473e-02,1.149387757445783226e-01,2.158772355416780087e-01,5.267089408782690274e-01,3.138419990528367731e-01,7.786292930045804472e-02,4.776806484017631291e-04,-2.167217244223329231e-01,5.928022732012705465e-01,7.658408233738066562e-01,2.002670149412185685e-01,-1.471634920666714808e-01,-4.745228084443223748e-01,-2.530919352769348540e-01,-2.284314097926967158e-01,3.537030721640962994e-01,8.718685791247555716e-01
3.166940465438351088e-02,8.354775081730476949e-02,1.195398702563055388e-01,2.112065438828330532e-01,5.167805011053453468e-01,3.172545189092410567e-01,7.718277536271622719e-02,-2.717913035167936024e-03,-2.254082325532104636e-01,5.969953001756863609e-01,7.614143457218702782e-01,2.428788337075814818e-01,-2.172604226968708474e-01,-5.016419515927750261e-01,-2.570454556466973406e-01,-2.292773109972792989e-01,3.391223411490138506e-01,8.756073591490111108e-01
2.892800014518625770e-02,8.950192233208778547e-02,1.231290945576646728e-01,2.103338679667005329e-01,5.047307041339100797e-01,3.170850453367139998e-01,7.613610657878926158e-02,-6.150317790748737086e-03,-2.315759125511878680e-01,6.024707752142390849e-01,7.570997545410127483e-01,2.763879068071782297e-01,-2.810681799516446810e-01,-5.265266223711646543e-01,-2.621502707556130352e-01,-2.287735686246758215e-01,3.231469801262052965e-01,8.794616314822329972e-01
2.698244353257594000e-02,9.846187712921022905e-02,1.243343906054769354e-01,2.065177750429184889e-01,5.006244724539619106e-01,3.123894975538983876e-01,7.345254904901457604e-02,-9.333257447569753146e-03,-2.365190133924002236e-01,6.082931180636171886e-01,7.526671542401737192e-01,3.045937386698929217e-01,-3.516332380519325285e-01,-5.509627961852718858e-01,-2.682712953433902259e-01,-2.269569365397512695e-01,3.058579046933692647e-01,8.834377017614261085e-01
2.496457819568742575e-02,1.069183824335457056e-01,1.265791245647882868e-01,2.095646839121911853e-01,4.930966823270744315e-01,3.101230709773035721e-01,7.377477480157931811e-02,-7.181169041239822588e-03,-2.381068038824649125e-01,6.162920132217470925e-01,7.488942199824125678e-01,3.294894265688879664e-01,-4.290655678925047734e-01,-5.650406732061622472e-01,-2.756053153235509812e-01,-2.234633372417322017e-01,2.873416223880368436e-01,8.873650833793379489e-01
2.362415521938029256e-02,1.226523089069553041e-01,1.264629786764164265e-01,2.121339032717009798e-01,4.876590662613538574e-01,3.108109077169999290e-01,7.673446127219138435e-02,-2.157520422011882481e-03,-2.366819054789357779e-01,6.260385296320261084e-01,7.437009299315985311e-01,3.477399879412606531e-01,-5.066563439585113349e-01,-5.652497981863815468e-01,-2.839820051707991344e-01,-2.181195164496733674e-01,2.678944630164751262e-01,8.912419811226588440e-01
2.089088544166433498e-02,1.333399902848000085e-01,1.261886574536860151e-01,2.095520298854424701e-01,4.723119914628327587e-01,3.123578624870266829e-01,7.826424272020204853e-02,-4.166799097892364030e-03,-2.324997412687022924e-01,6.364618456270707547e-01,7.374994766122540124e-01,3.585309571073447277e-01,-5.846667721639425830e-01,-5.458865076328613952e-01,-2.931895018485634052e-01,-2.107147517475483345e-01,2.479210363270324124e-01,8.950389727632142023e-01
1.276202904421444226e-02,1.397768225341400050e-01,1.246421546131860070e-01,2.094024412120919221e-01,4.635612800365902508e-01,3.098677307946962056e-01,7.646782285141554003e-02,-4.996089779457968220e-03,-2.246671451549649978e-01,6.473846018935028868e-01,7.307279750543362873e-01,3.636485097842045988e-01,-6.591777622425246674e-01,-5.066835862930995082e-01,-3.030875155919408592e-01,-2.010984942012690180e-01,2.278807355281095570e-01,8.986485709975932101e-01
8.044788644115365844e-03,1.460084787783406113e-01,1.227811088220758517e-01,2.133378435309329635e-01,4.632132943010014436e-01,3.083374974171587679e-01,7.542250985606879787e-02,-5.816341870488800012e-03,-2.117360119198050394e-01,6.589454961794517507e-01,7.229249059086949591e-01,3.622299052727938617e-01,-7.226844516378451155e-01,-4.500309480933371020e-01,-3.135181915315121692e-01,-1.892333809877419504e-01,2.083179028803836819e-01,9.019749657991775749e-01
-4.761086425553836404e-03,1.535764906331077428e-01,1.195796400546585286e-01,2.155007782459046062e-01,4.732086196438823888e-01,3.081585333245701608e-01,7.249265073422148098e-02,-6.093826599906391160e-03,-1.941143864868749014e-01,6.701340939111484207e-01,7.146636749955592727e-01,3.534308315121699184e-01,-7.720888260356593147e-01,-3.735815457220520441e-01,-3.243432776807264051e-01,-1.752245351008643037e-01,1.898322778309996517e-01,9.048611033320311803e-01
-1.645032338690173611e-03,1.577089342256068616e-01,1.188145233658898375e-01,2.145124083709269991e-01,4.765388883264201625e-01,3.141249069365752433e-01,6.331260625757725857e-02,-1.245609047733451345e-02,-1.732955039216513837e-01,6.804600400381579650e-01,7.068799119444419965e-01,3.471302403935715986e-01,-8.100776606847038819e-01,-2.907398096642182517e-01,-3.353702864994934085e-01,-1.593184986731805697e-01,1.728557611082260081e-01,9.072298682102506451e-01
9.395154070010739572e-03,1.601990659179373666e-01,1.124052588176808892e-01,2.138656972181638416e-01,4.770699055203382333e-01,3.165431818341542525e-01,2.180061957898940875e-02,-1.935117926678761938e-02,-1.481098395312940019e-01,6.919458824988463652e-01,7.002023239205015237e-01,3.305364536489704408e-01,-8.411956179903568032e-01,-2.011447789865451197e-01,-3.464156722856320814e-01,-1.416581336417666592e-01,1.576211838393367926e-01,9.090299475111681682e-01
1.775359066704391628e-02,1.687310434532382497e-01,1.078421263861997215e-01,2.131249847238390616e-01,4.791822241283151818e-01,3.188814652055005361e-01,2.615857600533115501e-02,-2.213099778575767368e-02,-1.181971939307537023e-01,7.025155001769479712e-01,6.928467019067742205e-01,3.139953487719916447e-01,-8.653008775637339722e-01,-1.043860158686599482e-01,-3.573534948640417208e-01,-1.223594599952409767e-01,1.444019818251292553e-01,9.102235087843768557e-01
2.606909395903690349e-02,1.603644721247237392e-01,9.843250170997221160e-02,2.134657395870000474e-01,4.803522696730417874e-01,3.159809815028912228e-01,4.051411742218753720e-02,-2.433686580576951280e-02,-8.449260423513307861e-02,7.108905926091958483e-01,6.842195439692932979e-01,2.784843647027480662e-01,-8.843334541878077326e-01,6.301192052449449028e-03,-3.679270682191955189e-01,-1.013758236600265927e-01,1.334892392634747238e-01,9.107860841719015443e-01
3.712554983070041198e-02,1.619276963577130357e-01,9.528300483812988941e-02,2.143890316101273175e-01,4.766893808588242853e-01,3.220666645099552472e-01,5.122981843069002172e-02,-1.882332557955676902e-02,-4.646147431805437017e-02,7.173640594189084618e-01,6.754759569502573058e-01,2.616596190480005024e-01,-8.871942999421100762e-01,1.116955749234309486e-01,-3.779678600542039635e-01,-7.898055631406611377e-02,1.250812153173050667e-01,9.106401001051774857e-01
4.993639612516373449e-02,1.525239467653331515e-01,9.445687766325143453e-02,2.158343022366378539e-01,4.757904930301408153e-01,3.214357708906279143e-01,7.828096411269137855e-02,-7.357873486194684357e-03,-7.206900896829675218e-03,7.237584255548927814e-01,6.641959638708259117e-01,2.342317962113123209e-01,-8.664083986515044300e-01,2.170967683780594126e-01,-3.874155478969256161e-01,-5.579227197933903093e-02,1.193467330115783598e-01,9.097363885556661867e-01
6.263335617888890483e-02,1.546904969165187327e-01,8.866766042572805928e-02,2.140505363945999773e-01,4.761574598058526675e-01,3.208514260125547302e-01,8.783701395558220215e-02,-1.076053064526066340e-03,3.715524549056944958e-02,7.256073667711431252e-01,6.555411058846799532e-01,2.054192214701645869e-01,-8.326016629842774019e-01,3.284083465705705529e-01,-3.959868570578382596e-01,-3.205035732009651334e-02,1.165940947145588519e-01,9.081015819156301738e-01
7.336984594562138973e-02,1.570766848176993191e-01,8.176850427053430903e-02,2.097025224178465097e-01,4.708906731012392766e-01,3.192073063942791888e-01,9.383818614114605716e-02,3.198296399369023307e-03,8.415506852626458700e-02,7.266314291763407152e-01,6.477183850111083441e-01,1.794672921720352754e-01,-7.819525542693342990e-01,4.324344030623588075e-01,-4.036213843449513727e-01,-8.160307527825743507e-03,1.170493314528360529e-01,9.057514651691200847e-01
8.959547174412268999e-02,1.617862424158438284e-01,7.740105732413103679e-02,2.092198616832895153e-01,4.778761477960401516e-01,3.192443646154717873e-01,1.195267643000300500e-01,8.501237466121507741e-03,1.318403319818707287e-01,7.254416602411601911e-01,6.389975110444537920e-01,1.399893434397052328e-01,-7.177061153031809582e-01,5.405207692754540050e-01,-4.101027324986592504e-01,1.557160328508007396e-02,1.207460117386813664e-01,9.027903560488602652e-01
9.213395989581425749e-02,1.627511119554310159e-01,7.394695995126678023e-02,2.099628338252480242e-01,4.772276289251701220e-01,3.232683451215535575e-01,1.422240209214302997e-01,1.723703521798153684e-02,1.789348585707562778e-01,7.199984278617488354e-01,6.302360498407174605e-01,9.484218475510937385e-02,-6.398857825060141336e-01,6.515292764956741589e-01,-4.151226525327132988e-01,3.877816180383521910e-02,1.279468388077024676e-01,8.992043255246667810e-01
1.037367985653049329e-01,1.644512708350222285e-01,7.230781155778533142e-02,2.070682252064862949e-01,4.808656616154170504e-01,3.276995141312269988e-01,1.738988575914957591e-01,2.894065417193493819e-02,2.269622990981087773e-01,7.103285433151569350e-01,6.234670664690420416e-01,5.565548862932991059e-02,-5.468914693433595264e-01,7.499111619456633182e-01,-4.183233547368150340e-01,6.117484453568033942e-02,1.386456144132285073e-01,8.950436961803543978e-01
1.197839122007444135e-01,1.615055941797390593e-01,6.911221787421563401e-02,2.054973181715424313e-01,4.791334157394274151e-01,3.314948182967790147e-01,2.023107630785074551e-01,4.211711145352992069e-02,2.727360616910139979e-01,6.976031607088523101e-01,6.172135706340234895e-01,1.860611390100209983e-02,-4.283049859481633526e-01,8.421042299733785264e-01,-4.195669132843743987e-01,8.199311242146976875e-02,1.527708965981023348e-01,8.903199437487326895e-01
1.485578132386738692e-01,1.548052870163103834e-01,6.642911227396768037e-02,2.049920609606484811e-01,4.845696760165677519e-01,3.343559841305620561e-01,2.296113738592685805e-01,5.423786136066319208e-02,3.153453035727756260e-01,6.805443252129733667e-01,6.144126068895852111e-01,-4.601550809958740093e-03,-2.976970211708995229e-01,9.204678069720343414e-01,-4.186855713301176896e-01,1.007487798607666768e-01,1.702291630611529605e-01,8.850506972678188200e-01
1.653388604255371097e-01,1.468960683688554925e-01,6.493186975188219856e-02,2.089075783803130137e-01,4.949202179674653812e-01,3.356462429294012617e-01,2.560646167773946158e-01,6.881801175230872758e-02,3.544220239186134380e-01,6.590801450791130556e-01,6.152222284545816322e-01,-2.378375996298253900e-02,-1.598101449652759853e-01,9.813528222858318717e-01,-4.157475648492262588e-01,1.169259469063292922e-01,1.907767248512710068e-01,8.792738749541263443e-01
2.003855432946004267e-01,1.341105301278895379e-01,6.250636398187534026e-02,2.080448449137687339e-01,4.946942532040959906e-01,3.375615202637199386e-01,2.758880535382631227e-01,8.059574714864728429e-02,3.890905851830226414e-01,6.343013405835883356e-01,6.197120557721819134e-01,-4.042662297209871636e-02,-2.571496104947077962e-02,1.016322164643856496e+00,-4.108421898661811511e-01,1.301978681499859625e-01,2.139000132152874822e-01,8.730855321582029482e-01
2.260045243063666387e-01,1.701437751538235343e-01,7.176865963238601709e-02,2.077994471807496080e-01,4.911818569222824449e-01,3.431351671169889928e-01,2.937031154823045997e-01,9.079398884903390476e-02,4.195392588197648376e-01,6.090860010965325477e-01,6.262471934567303000e-01,-4.358973845355689630e-02,9.217764405886755275e-02,1.028017338944719805e+00,-4.044050918321269172e-01,1.405056459865520191e-01,2.388988797075528858e-01,8.665878098917757510e-01
2.613512883811844323e-01,1.693628409316189909e-01,7.131673010564726356e-02,2.037094849637639538e-01,4.848317951420763050e-01,3.465079171750403142e-01,3.104086904382025169e-01,9.990172460139995492e-02,4.466405716736928100e-01,5.835178686545521298e-01,6.347618230325214883e-01,-2.182030875981279955e-02,1.722540828447408079e-01,1.028463231862313698e+00,-3.973248674628148125e-01,1.483549186020076682e-01,2.649512751584303660e-01,8.598061039935829264e-01
2.852615238523514840e-01,1.711773379814750806e-01,7.168505266993935310e-02,2.025543530934196812e-01,4.832861961606297885e-01,3.443675789364055717e-01,3.217381117440161198e-01,1.074028508862096970e-01,4.707558587824747787e-01,5.575882036701003130e-01,6.437735721982609238e-01,4.053098515092425080e-03,2.378019442213199497e-01,1.012700736945212787e+00,-3.900951564204812594e-01,1.542003176779066786e-01,2.914614131259053997e-01,8.527475069215406656e-01
3.183766599241333317e-01,1.719664069351609093e-01,7.260518118637944440e-02,2.000845582297924030e-01,4.818282715073706202e-01,3.366210549185766898e-01,3.313172099927707004e-01,1.125711169539940493e-01,4.908060032769883119e-01,5.329172861733872946e-01,6.538960390016532731e-01,2.699955731206290718e-02,2.921091375998301487e-01,9.804978937268513661e-01,-3.827865328887589125e-01,1.581512315630542176e-01,3.178791934084260196e-01,8.455636431343043213e-01
3.482044606184175883e-01,1.693556100591911695e-01,7.354971389726343289e-02,1.991391216598549785e-01,4.755726629982527931e-01,3.354971061855774317e-01,3.321040192988228834e-01,1.160356087059732921e-01,5.075834931805423000e-01,5.084605626358714714e-01,6.640643762956160989e-01,4.149608491595936643e-02,3.414988892739317383e-01,9.425739599337368269e-01,-3.753769257645475088e-01,1.603505529436909660e-01,3.439285698786369028e-01,8.383306559543403091e-01
3.727279644573690542e-01,1.683577496641520121e-01,7.246553496261716465e-02,1.980662409633771603e-01,4.727512669628227693e-01,3.350912734705659979e-01,3.327362687067303981e-01,1.180751666601452810e-01,5.199021146444160468e-01,4.847389519763007915e-01,6.743410449741981116e-01,5.891615570596705348e-02,3.814063053985894403e-01,8.923348884165993589e-01,-3.679293533181050013e-01,1.608026113984013239e-01,3.693704408666723116e-01,8.311675865201220148e-01
3.918359967774102115e-01,1.600042842919129626e-01,7.094840754135518790e-02,1.968921280529098983e-01,4.700916616979652352e-01,3.393651710049343517e-01,3.294272407119492874e-01,1.185406540726861718e-01,5.295441510137403052e-01,4.611250308107386342e-01,6.862755689718214036e-01,7.567860455147297494e-02,4.073610390546909543e-01,8.244179454872870849e-01,-3.606759244737701153e-01,1.597119459990891110e-01,3.936975579095746136e-01,8.241955413119655960e-01
4.073787570610092335e-01,1.567729881757308763e-01,7.227527263186014905e-02,1.980002592524733318e-01,4.654101237304784644e-01,3.351120622287960260e-01,3.233763562784441326e-01,1.160075890753154843e-01,5.357582940166981667e-01,4.407791722494587838e-01,6.980989965175791179e-01,8.960484593057610470e-02,4.252031657195281533e-01,7.458406363488860880e-01,-3.538286115393599607e-01,1.571101205281432434e-01,4.164559186253404266e-01,8.174929153463164067e-01
4.157792231040290942e-01,1.537753396248727478e-01,7.237921642301005376e-02,1.967579049834684846e-01,4.604962939862480842e-01,3.266926151456530647e-01,3.098076241676399611e-01,1.105234242683407753e-01,5.388906708211018692e-01,4.225575272240522651e-01,7.100713920612384822e-01,1.036344479320864403e-01,4.235091331929818903e-01,6.641631094721194284e-01,-3.474658658629988794e-01,1.533193101335124098e-01,4.373689395726935714e-01,8.111275686008033725e-01
4.198348386769826801e-01,1.477999274223330273e-01,7.487567512871491637e-02,1.974263087535151062e-01,4.497091881125209745e-01,3.213932895151144775e-01,2.943923080105811940e-01,1.056525278291505360e-01,5.396844920018328828e-01,4.080682785955259129e-01,7.213684693061567232e-01,1.124016721985966055e-01,4.093499297908950174e-01,5.850848218130973999e-01,-3.418036944530893351e-01,1.488306587677787896e-01,4.562387046290464765e-01,8.051166639020861382e-01
4.193110523554923752e-01,1.400624419950388944e-01,7.351627111228475897e-02,1.957627561655897463e-01,4.394033871847704553e-01,3.220503950469926768e-01,2.753864117635830833e-01,9.797786060607306668e-02,5.386520850186951037e-01,3.949506514498340448e-01,7.310236891211024934e-01,1.113602538344587445e-01,3.851607397896330554e-01,5.139649014568637986e-01,-3.366599917928680408e-01,1.439211502437066637e-01,4.731469093833909345e-01,7.996261664031804051e-01
4.158063388756334522e-01,1.274603871419288381e-01,7.222058915912475674e-02,1.970503033872684773e-01,4.325656934452132285e-01,3.170940839272488043e-01,2.548557052933684286e-01,8.930849649464363271e-02,5.363614243098268064e-01,3.836911494937467193e-01,7.397175049297026739e-01,1.103474799838949499e-01,3.529058156375006194e-01,4.446283524597222647e-01,-3.321282085219415259e-01,1.389360098007507704e-01,4.880827445325858771e-01,7.946627469288227719e-01
4.049609340929568591e-01,1.117517687220166422e-01,7.167013899555696455e-02,1.958477189166166477e-01,4.331260860583692196e-01,3.095554474917197041e-01,2.246808227225488286e-01,7.852590991618380034e-02,5.327329648156918784e-01,3.744730078085411473e-01,7.477503215378024093e-01,1.091952894798516871e-01,3.239796643984751978e-01,3.735751357609723433e-01,-3.281367631885711567e-01,1.338619432818967669e-01,5.010382080830577678e-01,7.902884260681222184e-01
3.977110806250138686e-01,1.020298607428126725e-01,7.083316551203680533e-02,1.975948784669886438e-01,4.364699126267092555e-01,3.021053892434313881e-01,1.944435738770393385e-01,6.563462016596098569e-02,5.288638950949163808e-01,3.674273695836197118e-01,7.552891786328068680e-01,1.062274775000350280e-01,2.903061357349320248e-01,2.983919010141758421e-01,-3.247147691211065279e-01,1.287673888304612657e-01,5.119492591541310311e-01,7.865572081202424348e-01
3.890561782584400774e-01,9.046227257640764019e-02,6.811526133822995432e-02,1.950157166578906087e-01,4.405228166225023667e-01,2.994417166128332530e-01,1.601150070259639291e-01,5.118507740754292545e-02,5.248465486430508031e-01,3.631272950058060389e-01,7.622377432468980807e-01,1.021098787515799383e-01,2.459476025744005423e-01,2.282787451699940240e-01,-3.220708515774155511e-01,1.238444691757596972e-01,5.207636982319535646e-01,7.834134415948691421e-01
3.931913334280996430e-01,7.704810036374808158e-02,6.593696101934919118e-02,1.934095591198611019e-01,4.281272935631118548e-01,2.978545401149267358e-01,1.243646698837683889e-01,3.514293499689753048e-02,5.194977235596248688e-01,3.613221011034903896e-01,7.678640625789840968e-01,9.873162895139042661e-02,1.913068909084716940e-01,1.597742892454873942e-01,-3.202084940911109623e-01,1.193527832894394347e-01,5.274485429174422535e-01,7.808664734282245723e-01
3.854262802996744619e-01,6.677664608002978341e-02,6.169289083374558669e-02,1.909460912696081814e-01,4.218133861450448219e-01,2.922384118861442448e-01,9.500009695439137758e-02,2.384334103984856942e-02,5.157073595029711965e-01,3.614948190539909456e-01,7.724617768953961905e-01,8.584079659791313266e-02,1.343475761333111085e-01,9.790274085929519254e-02,-3.190314021991724758e-01,1.155911771308984481e-01,5.320320698910899759e-01,7.789147362268975527e-01
3.707132626271677500e-01,5.727121234413365403e-02,6.010300275867865721e-02,1.913537317027265428e-01,4.174509104234357393e-01,2.907090823676604097e-01,1.136991330527339222e-01,1.727138186201368150e-02,5.122575924796372027e-01,3.623325850534601100e-01,7.738649003943596227e-01,7.770254976233063882e-02,7.590175132155360660e-02,4.441962810207047280e-02,-3.185760587147565825e-01,1.126448029438298915e-01,5.346617113219050976e-01,7.775188363449414553e-01
3.544713673657037822e-01,4.088108419789941023e-02,5.662856855711115994e-02,1.920646168482866012e-01,4.132678507239418431e-01,2.879694855765700945e-01,1.062246706100017229e-01,1.270237434668492447e-02,5.099756713583155632e-01,3.639731587022111414e-01,7.730565626105847521e-01,6.179062262756320617e-02,1.713843312507629113e-02,5.464692131572376418e-03,-3.187937783201622022e-01,1.107636814471797543e-01,5.356425278109184784e-01,7.765827030206645665e-01
3.341539716321098030e-01,3.986153118557680952e-02,6.195455802972732462e-02,1.912759998241274628e-01,4.062168462477638298e-01,2.923563654926231159e-01,9.535215005572088287e-02,1.066326832203968837e-02,5.099753257249097782e-01,3.669716272499662368e-01,7.709742694692155451e-01,6.335044659400707046e-02,-2.707547528859854599e-02,-3.251292508558306649e-02,-3.197399761097884929e-01,1.098086047820411026e-01,5.353058157723472599e-01,7.760040340553098215e-01
3.115719570400279914e-01,3.446232912962896022e-02,5.974597843255506635e-02,1.895075995859987206e-01,4.029051066758222999e-01,2.853460346738516673e-01,9.214525813398273535e-02,5.706505272769084834e-03,5.100623759669716817e-01,3.717640319262477955e-01,7.667579369280084212e-01,5.071260739188696715e-02,-5.544636364911079141e-02,-5.845584037594430543e-02,-3.213200771487194629e-01,1.094814282838963704e-01,5.339592624812379285e-01,7.757503266823841948e-01
2.817061942654977558e-01,4.510210597763935486e-02,5.755321636881864655e-02,1.828619758953053953e-01,3.920922408190709585e-01,2.858951290488391805e-01,7.077351081450726500e-02,-5.081504460011604905e-03,5.130974816557419826e-01,3.750401922274662625e-01,7.646345627875491546e-01,4.162348289241479121e-02,-7.529781280109291985e-02,-7.271760315530338692e-02,-3.231566723645561412e-01,1.097520771698792530e-01,5.319949235528297349e-01,7.757992098646084855e-01
2.613431536497031193e-01,4.745801460052844617e-02,5.777918113218802332e-02,1.830581133099100088e-01,3.915029247162036818e-01,2.883183751712123932e-01,7.118702633147321046e-02,-1.041291708694863476e-02,5.150815655336619114e-01,3.808494010074235936e-01,7.601056295188921563e-01,3.005069878591328306e-02,-8.449710850661933115e-02,-8.052553668400699860e-02,-3.251370968804808137e-01,1.103982931461097439e-01,5.296698245113652392e-01,7.760807022944720135e-01
2.391249423266459950e-01,4.938142666632856781e-02,5.639582485084071450e-02,1.835213410748172402e-01,3.904838236334078339e-01,2.881796328065035495e-01,8.414520165165338683e-02,-9.953756687782061574e-03,5.169853637090333631e-01,3.852574119602499292e-01,7.546386965630828003e-01,1.151829943732557947e-02,-8.637402523521554853e-02,-7.070467506505115352e-02,-3.269814581280054422e-01,1.114067884220984739e-01,5.272795026295016285e-01,7.765202998838623971e-01
2.126807379990548197e-01,4.968557523782375640e-02,5.572968072842779397e-02,1.831900767317177492e-01,3.891447564456808617e-01,2.879825915328454444e-01,8.399380526019592508e-02,-6.778047903388866903e-03,5.191646317088309814e-01,3.879101977259996614e-01,7.506686525116116337e-01,4.378203728594211655e-03,-8.121721154674366172e-02,-5.398569376811565568e-02,-3.285611619580264819e-01,1.125657795160666663e-01,5.252229550588760620e-01,7.769393536627356989e-01
2.062886467728619333e-01,5.274604199289856243e-02,5.613144607769854355e-02,1.849765541509160449e-01,3.872484601514850633e-01,2.927558711942601644e-01,9.116411913143292189e-02,-4.061951447688979047e-03,5.215901881983648902e-01,3.893641787118172215e-01,7.478440375669762608e-01,3.684325441736438674e-03,-6.413306277955944934e-02,-4.080521129835767286e-02,-3.297680014286734629e-01,1.137315500452595607e-01,5.236015653595750274e-01,7.772941118071812205e-01
1.984707178898083013e-01,5.113626901865514496e-02,5.510646991105504905e-02,1.853240879569781063e-01,3.837577564869549263e-01,2.964729915516863823e-01,9.076054606405521696e-02,-1.426298447748589830e-03,5.222414602873020062e-01,3.902867730243108624e-01,7.455431066083353375e-01,6.070834076154328282e-03,-3.825544896769579595e-02,-2.484020167340046659e-02,-3.306360128047026725e-01,1.144783153488633382e-01,5.224984196587536545e-01,7.775473566220227895e-01
1.988779063933999169e-01,5.123569351453766824e-02,5.546936932102627948e-02,1.881337338247129343e-01,3.921207123792556093e-01,2.964910687327559358e-01,9.243178145393510237e-02,-4.162359554874843146e-04,5.220817776538203558e-01,3.901286704292557528e-01,7.456698553158639386e-01,1.458927172826571250e-02,-2.013569086360202792e-02,-1.769189320203596802e-02,-3.311867049517455142e-01,1.148325481808660370e-01,5.218520018082762890e-01,7.776946535033744112e-01
1.892192685479393843e-01,5.187924116061363999e-02,5.544812863326955416e-02,1.882155330690526429e-01,3.900648849621209391e-01,3.007378504955199316e-01,9.342693027181384058e-02,2.412842881897089321e-03,5.224714546307644980e-01,3.901036860716361465e-01,7.466686864824378933e-01,1.923689413348342661e-02,-1.059145912748410065e-02,-1.366763951180133795e-02,-3.316128483812897931e-01,1.148194466339542419e-01,5.214992517687715434e-01,7.777510121602853044e-01
1.966146433234922664e-01,5.211424451451779349e-02,5.374525817651794324e-02,1.904955175314496374e-01,3.852147772811607140e-01,3.022893245608140322e-01,9.236579974303124607e-02,2.565143132408048265e-03,5.225789959961704145e-01,3.906005094043796255e-01,7.475761223012769019e-01,1.555236838046322734e-02,-1.018322473123232583e-02,-1.318448869543270043e-02,-3.319388138541596311e-01,1.147273174676801538e-01,5.212706746113962009e-01,7.777768305772585489e-01
1.902731682042941574e-01,5.184399065752802460e-02,5.581238383182098722e-02,1.911124013354480455e-01,3.805847592797222401e-01,3.084672011913327516e-01,9.201962172554936648e-02,2.898667123141245635e-03,5.230040757091091175e-01,3.920977439421235444e-01,7.476488534450984602e-01,1.218633756858156919e-02,-1.145900729734005558e-02,-1.203630441706411355e-02,-3.322408799504542598e-01,1.146521732955491230e-01,5.210546278388946684e-01,7.778029367998487986e-01
1.939952597865144956e-01,5.298646850112358891e-02,5.547524440487387742e-02,1.880704636909694971e-01,3.743811226661794556e-01,3.133060106341245543e-01,9.158576937988016642e-02,2.579604877263688874e-03,5.232586594005844693e-01,3.932642073105125924e-01,7.471328721464332023e-01,9.111959985817954383e-03,-1.283374363761284262e-02,-9.441872670129376061e-03,-3.324725813623847226e-01,1.146782380316148098e-01,5.208590828177002141e-01,7.778315834471380974e-01
1.706445130694500267e-01,4.942029260562809390e-02,5.216214904435210326e-02,1.822740155810182727e-01,3.469905779095972531e-01,3.192909133567258806e-01,9.213847919108165974e-02,2.984533733221608146e-03,5.508464759612825556e-01,3.815940434921287761e-01,7.484522536087903077e-01,1.355426332520737187e-02,-1.320091422069895673e-02,-7.079601701043413894e-03,-3.336640339891425722e-01,1.286143069127755334e-01,5.268464349414994086e-01,7.749441262661681540e-01
1.718222414161312273e-01,4.890012172035179683e-02,5.132517556083193710e-02,1.780923116701046416e-01,3.335497418548601378e-01,3.170647085080107730e-01,8.981827300080491572e-02,2.002942801145044145e-03,5.684972827289028752e-01,3.742989073244173959e-01,7.492982160575971662e-01,1.456483375165006089e-02,-1.580876682364392924e-02,-5.109540225510434200e-03,-3.345541115215691086e-01,1.376975957042808063e-01,5.306339632565708619e-01,7.730656718023399820e-01
1.773891093264991226e-01,4.958479495336101661e-02,5.173507564158398575e-02,1.794020034385935547e-01,3.256129555062742265e-01,3.249219552598906491e-01,8.750348996484903774e-02,1.788276275944136566e-03,5.776461496043449051e-01,3.698713433960627572e-01,7.491640115437433467e-01,1.018102130711124806e-02,-1.617774020828366063e-02,-2.449807000078115058e-03,-3.350542920922953138e-01,1.422790913748006036e-01,5.324974158819874015e-01,7.721073169507299827e-01
1.664054141086405425e-01,5.032821902484625742e-02,5.002226273524412736e-02,1.792334337251200171e-01,3.243443893247184295e-01,3.338109571213151439e-01,8.997961184185067351e-02,1.907585671003168230e-03,5.781339864685375307e-01,3.699895006446470291e-01,7.488395605280945277e-01,1.104336138359009525e-02,-1.612746207606619714e-02,-1.002858442018896706e-02,-3.353001236866726686e-01,1.425147647154587915e-01,5.324156609770259729e-01,7.720500853948576436e-01
1.827693303423239268e-01,4.841384554958090558e-02,5.007875392608646115e-02,1.778229616721683781e-01,3.194698774493143212e-01,3.361248362982175997e-01,9.190889899149838616e-02,1.826690285716930104e-03,5.710244554397431171e-01,3.739195005972457686e-01,7.481392578717340758e-01,8.945701620317972683e-03,-1.829803514661783315e-02,-1.531820448977710622e-02,-3.353111371693913711e-01,1.387818836407325174e-01,5.304406371719391222e-01,7.728573920082870696e-01
1.935162144881714119e-01,5.113084586433427198e-02,5.312701858393932552e-02,1.848382637157339470e-01,3.301652416291135927e-01,3.321921455565369219e-01,9.182755167668540941e-02,2.902734488881892998e-03,5.565927794613836355e-01,3.811938493844080900e-01,7.463148566272956863e-01,6.186613998153125786e-03,-2.001249942410504926e-02,-1.426516807118261010e-02,-3.350794714295195487e-01,1.314612074979902845e-01,5.268428035123687847e-01,7.744197606108490506e-01
2.092731893674446564e-01,5.402364676498900425e-02,5.423650557208295475e-02,1.874359546354283090e-01,3.405632361803187513e-01,3.252075747207895384e-01,8.791745741134175673e-02,4.243609394715762428e-03,5.355611842229879294e-01,3.908264055231732703e-01,7.436371852563281593e-01,8.644834072148112683e-03,-2.209052868157114838e-02,-1.519401149386145206e-02,-3.346027824215868640e-01,1.209764996865383274e-01,5.218072313202691825e-01,7.766529679451722457e-01
2.261663150769391006e-01,5.688887996451268136e-02,5.660461629219400853e-02,1.895898507598651472e-01,3.635049866756846493e-01,3.294751452417835624e-01,8.967275169319503803e-02,5.635552337071110876e-03,5.090732719119610561e-01,4.036872270483524150e-01,7.412367118768156127e-01,1.274901196459297600e-02,-2.831500151235017901e-02,-2.013989740056046363e-02,-3.340300460650532099e-01,1.076298705028860825e-01,5.153653588304754063e-01,7.795132617594671132e-01
2.426070593301680456e-01,6.120661466297469544e-02,5.860078901179906208e-02,1.979243350919812072e-01,3.835200415558903120e-01,3.284036203338859816e-01,8.885747082695832910e-02,6.662336221821549449e-03,4.777800677362363801e-01,4.176359544064013885e-01,7.389501987688169571e-01,1.068079796002988427e-02,-3.349344881946543506e-02,-2.190924696979104636e-02,-3.333265135978518146e-01,9.179517644224208239e-02,5.076854622421324015e-01,7.829584753974121458e-01
2.761343551303356847e-01,6.310743025243788218e-02,6.096618815474967590e-02,2.046363924231051068e-01,4.040982006264126070e-01,3.213828951359994912e-01,9.033076108412665950e-02,9.306123953243235561e-03,4.408271165404640812e-01,4.317476726033876444e-01,7.366338624355173170e-01,8.181313761585503816e-03,-4.482205347109407406e-02,-2.650578999765635171e-02,-3.324503851524494014e-01,7.389734930514973987e-02,4.989003456288915173e-01,7.869837434614654903e-01
2.872341962365660417e-01,6.799730773175115262e-02,6.482792596073230773e-02,2.100568351668096745e-01,4.161376032187328877e-01,3.194603869292528264e-01,8.801371840053709428e-02,9.406904237705975350e-03,4.008938672388419611e-01,4.490842492289308097e-01,7.344817513461755487e-01,1.441259717601152575e-02,-6.050782916652477916e-02,-4.807651089793540250e-02,-3.315128406168312281e-01,5.428690149854875635e-02,4.887758308443456712e-01,7.916814251924723100e-01
3.288853772093894290e-01,7.430308041833692811e-02,6.595594205947220845e-02,2.190665022118733485e-01,4.302115925404309538e-01,3.170208713439170989e-01,8.912456117726093308e-02,1.109712066770889884e-02,3.591254033048000838e-01,4.691016079260938443e-01,7.305562940040531972e-01,1.166072076006113671e-02,-7.148849311830585140e-02,-6.264575149782762586e-02,-3.306514634990148083e-01,3.327141604362161831e-02,4.773853150985519767e-01,7.969283145006560432e-01
3.653447917790380584e-01,7.784982334418262540e-02,6.764299498278797396e-02,2.226286107416281801e-01,4.573788841108041847e-01,3.199936637708046261e-01,9.046091678782741674e-02,1.338343214348023356e-02,3.153621408572583884e-01,4.902371400672349555e-01,7.264497741334899894e-01,1.135224138310935056e-02,-7.238628829200577375e-02,-7.018366541605657039e-02,-3.298407552299160717e-01,1.113127808964843937e-02,4.652174118649191059e-01,8.025047834021782345e-01
3.942393580006067766e-01,6.991439278417690972e-02,7.243028445953153538e-02,2.300393511210902520e-01,4.894152644022605747e-01,3.244885548437481670e-01,9.508099233967766406e-02,1.400619103132623097e-02,2.680408293779642515e-01,5.116549559485167320e-01,7.221515758513079586e-01,1.007465601544801741e-02,-5.602085641086249762e-02,-7.642396283825067527e-02,-3.288531472051633986e-01,-1.213665968096222861e-02,4.526078725744773212e-01,8.082686235862728275e-01
4.286067907909816843e-01,7.405949040342471590e-02,7.501712907058413760e-02,2.323184317244337271e-01,5.201387894185410810e-01,3.303378787083278700e-01,9.611726674448960173e-02,1.525893967944604197e-02,2.190202359471331572e-01,5.329384685635430996e-01,7.183951332446237847e-01,1.278466737309780048e-02,-2.747709941248702159e-02,-8.758410570025823572e-02,-3.275239080315540674e-01,-3.649922970822378626e-02,4.397495597045300020e-01,8.141442494264911067e-01
4.534597512549257692e-01,7.447165013181046567e-02,7.639054290234320588e-02,2.399207902232329825e-01,5.474064093438502088e-01,3.296007816502169452e-01,9.521792698627951079e-02,1.726821835532652352e-02,1.679793658831743863e-01,5.548620942461192085e-01,7.148864110374998360e-01,1.292007780090261709e-02,8.203948936647546819e-03,-9.423564218796015579e-02,-3.258652684766573104e-01,-6.184038791220196341e-02,4.268733303611028096e-01,8.200092656106825473e-01
4.741432099051781091e-01,8.546935516499792884e-02,7.995355529115150128e-02,2.384624136404470129e-01,5.722435522743585246e-01,3.310523792901018392e-01,9.709750188798596526e-02,1.905108033831089467e-02,1.159441085107162789e-01,5.773240686463361193e-01,7.109498934263915881e-01,3.855992211897301715e-03,4.878841720032928847e-02,-8.690024297758724980e-02,-3.237527224097976331e-01,-8.782594404866636562e-02,4.145004182730115394e-01,8.256831762501573024e-01
4.897185091147023828e-01,9.977563626343978476e-02,8.333308429210387058e-02,2.405214045642687926e-01,6.041565558050152607e-01,3.245247092058872740e-01,9.782013720124121958e-02,1.926981422925244658e-02,6.396657191702749545e-02,6.001610552918507091e-01,7.081535710448313425e-01,6.800568082800913586e-04,8.383227535590306867e-02,-6.286809702277347534e-02,-3.213319600296492551e-01,-1.139805980344102132e-01,4.031193582346460635e-01,8.309679155655117500e-01
4.999330202780515320e-01,1.156600552692533396e-01,8.471870022108488052e-02,2.425776839109300975e-01,6.297389305251156477e-01,3.193352024503461895e-01,9.581266624346769512e-02,1.971541674261685639e-02,1.320763995980345912e-02,6.222391297306205660e-01,7.060167172015459069e-01,-1.646158129733576309e-03,1.031663204619979596e-01,-2.100163654318821377e-02,-3.188434753073950967e-01,-1.395555935044789642e-01,3.931894613108932734e-01,8.356504203212112847e-01
5.057335357537434684e-01,1.283271879742137744e-01,8.570435851890209622e-02,2.426504445647350017e-01,6.490051381795153285e-01,3.159046054128724079e-01,9.579730063955858854e-02,2.062334316183500257e-02,-3.284213559573700286e-02,6.438827429782942868e-01,7.046259377527898105e-01,-7.609425046522256923e-03,1.079084897931385373e-01,3.670423838645241882e-02,-3.164832540797499205e-01,-1.636767859758377075e-01,3.851041693772556118e-01,8.395500004050671095e-01
5.151409007823373187e-01,1.393560761447462104e-01,8.812082569837417778e-02,2.444852784432943460e-01,6.696569617628959081e-01,3.134718687704377005e-01,9.601964996671405461e-02,2.180559080378357065e-02,-7.362598870904375759e-02,6.636127321866313045e-01,7.034628813422578730e-01,-2.238518657994519739e-02,1.018935425651462945e-01,1.073632424788119738e-01,-3.143032546826603491e-01,-1.855030198957593468e-01,3.792176288330940115e-01,8.425116113627550973e-01
5.178990266840238776e-01,1.498019752257856996e-01,8.796807351833647870e-02,2.469546213773948784e-01,6.747389092910730524e-01,3.112637411027922019e-01,9.216785461031967719e-02,2.319662988708544316e-02,-1.076825319641749740e-01,6.802688060123465164e-01,7.036523872010403968e-01,-3.948275620313963785e-02,8.797130741171785284e-02,1.831149606488481629e-01,-3.122874347669050699e-01,-2.043138378160680724e-01,3.758101871736425625e-01,8.444093313320211180e-01
5.171004672102764710e-01,1.593449191124011177e-01,8.847333072923041497e-02,2.519014419770772006e-01,6.839641467203910752e-01,3.178799893742474403e-01,9.217960477801488695e-02,2.473996922089827591e-02,-1.337771628355971520e-01,6.930359608845526598e-01,7.040356946480774702e-01,-5.960182123019167055e-02,7.097289187397219645e-02,2.611287941461029050e-01,-3.103875201945697770e-01,-2.195529962110995270e-01,3.750453446613394304e-01,8.451835509527261259e-01
5.142881097653813072e-01,1.670435386003956968e-01,9.043560873433005576e-02,2.531189401221113910e-01,6.877097386380019994e-01,3.192773554709236739e-01,9.089115369728271998e-02,2.464009279548900685e-02,-1.517834782491876144e-01,7.019589810174019506e-01,7.051691253381119351e-01,-7.914098509083110355e-02,5.232290980183211537e-02,3.340188653167019961e-01,-3.086894525106082532e-01,-2.308548024336483373e-01,3.770076033436760010e-01,8.447534327750445549e-01
5.049300050552019137e-01,1.342244163686276970e-01,8.288838563779293844e-02,2.466712615641296624e-01,6.876383337727772771e-01,3.145167298362576691e-01,8.869161269064523845e-02,2.519099488858354483e-02,-1.609738211333263114e-01,7.065607935584830024e-01,7.086690585814882093e-01,-1.063544748539229368e-01,2.932857660804896044e-02,4.031148404620779613e-01,-3.072170994197374605e-01,-2.378257060877129181e-01,3.817225893112121682e-01,8.431100254245418313e-01
4.873015900057036109e-01,1.467392488230771785e-01,8.393957371698726466e-02,2.428773131871578561e-01,6.794326493557818480e-01,3.140548578599307028e-01,8.803134365207991585e-02,2.392875572040221652e-02,-1.597482050763438521e-01,7.072572942473795976e-01,7.135303924341274140e-01,-1.329994811937750820e-01,2.709410423798692957e-03,4.673650853426222773e-01,-3.060433714804087768e-01,-2.401214803575742462e-01,3.892061761085344185e-01,8.402159444171087843e-01
4.635169909429699420e-01,1.573826411073014353e-01,8.460481398034670752e-02,2.377912982932399999e-01,6.638962160855570449e-01,3.106902425333606388e-01,8.683418233574895229e-02,2.327842913142515527e-02,-1.487511376276637598e-01,7.037160825001100850e-01,7.192629693503979071e-01,-1.608397449636734811e-01,-2.902971217271629878e-02,5.272771887513194589e-01,-3.052232851734544283e-01,-2.373650915283232188e-01,3.994611775698782008e-01,8.360411693790387178e-01
4.345478563494893365e-01,1.729647192597268124e-01,8.680616270509115828e-02,2.337677697166848645e-01,6.436710139754177051e-01,3.142496394859550790e-01,8.434811800915910374e-02,2.142642193084975943e-02,-1.264930375606705959e-01,6.951305486999281857e-01,7.253538693560858119e-01,-1.836507933328391795e-01,-6.426847320736414626e-02,5.790522471921364378e-01,-3.048054009743098591e-01,-2.291529694349375146e-01,4.124423960201623052e-01,8.305883710296424471e-01
4.036652521397968707e-01,1.804861823732397952e-01,9.047809010984349254e-02,2.268134781592290039e-01,6.213090890628577556e-01,3.157247374612303648e-01,8.339906600300772688e-02,1.865609393194122417e-02,-9.268041273763572008e-02,6.805364250208406629e-01,7.326084676629165404e-01,-2.084875897144161661e-01,-9.976343237390895846e-02,6.288257952858741229e-01,-3.047879359013325740e-01,-2.151017838844666574e-01,4.281418508944732637e-01,8.238545838095234775e-01
3.687089551760813211e-01,1.952303831830914937e-01,8.850677351420907502e-02,2.210256167102858660e-01,5.817815249361797392e-01,3.184896423058179993e-01,8.469836339238162592e-02,1.584554420515293938e-02,-4.714607534255128851e-02,6.605158074944229574e-01,7.404144993806076602e-01,-2.297502318603108773e-01,-1.370720099033897743e-01,6.654551172522098490e-01,-3.052321872518776180e-01,-1.949975011844102546e-01,4.465155006657482439e-01,8.158456712529361665e-01
3.313429699757947655e-01,2.025331124056629628e-01,8.732317008368027655e-02,2.122202218113080630e-01,5.539435699481262132e-01,3.130194873141721734e-01,8.464232413106602404e-02,1.435779220312897488e-02,1.065869234439753392e-02,6.350429217438420260e-01,7.488125517462410619e-01,-2.435190285703983659e-01,-1.765179088303222288e-01,6.937941561186081740e-01,-3.062960802229695023e-01,-1.686154381381265999e-01,4.674587006231125663e-01,8.065731658838434237e-01
3.188041852564282297e-01,2.148902214552805834e-01,8.811675833263353519e-02,2.078509671467977937e-01,5.512853204718488609e-01,3.148231380553865866e-01,8.507436875862825487e-02,1.238828332560150750e-02,4.413313956795324178e-02,6.204668203780572266e-01,7.553448256111412462e-01,-2.631196879951444023e-01,-2.275167610466664048e-01,7.126224152332722994e-01,-3.067151767066187973e-01,-1.546701948175752406e-01,4.823858585554197664e-01,8.000306472395082302e-01
3.099215104083780092e-01,2.249953656731590312e-01,8.960360647560401681e-02,2.062190496257441941e-01,5.391803880981514974e-01,3.147919549180415721e-01,8.551274039956484330e-02,1.213113542488715793e-02,8.123347872320063612e-02,6.043037679176217480e-01,7.619500281246662787e-01,-2.677887437077217658e-01,-2.861086127842666915e-01,7.163433976399322667e-01,-3.076067837737693766e-01,-1.392352313912672557e-01,4.970877601525541811e-01,7.934115192717906551e-01
2.840331793986755615e-01,2.334609095680292568e-01,8.988741821839595081e-02,1.997560054638533034e-01,5.237935435012772700e-01,3.200817900285186091e-01,8.841683953838805343e-02,1.083048224693303543e-02,1.193968874823007759e-01,5.880897098417297020e-01,7.675404015825486592e-01,-2.809465910024177004e-01,-3.529853392171433124e-01,7.066234929079789895e-01,-3.092434379196707939e-01,-1.224010844339580573e-01,5.110112879557546783e-01,7.868520194323277428e-01
2.810210691029617625e-01,2.376548155761648851e-01,9.011519069987228292e-02,1.954229051614821966e-01,5.066247407804722602e-01,3.147684545826511804e-01,8.941695958106092579e-02,1.139358643724951853e-02,1.596115317524484933e-01,5.710961003071461928e-01,7.710537651525505298e-01,-2.924013917627993342e-01,-4.198586603581965226e-01,6.925536283384379210e-01,-3.114182355461022067e-01,-1.040856318052197221e-01,5.239636556011181279e-01,7.805155064891189376e-01
2.664192260940327905e-01,2.419056647046695929e-01,9.093137542516246952e-02,1.974055199952851336e-01,5.119249702700643390e-01,3.111778744927117812e-01,8.896774163148260528e-02,1.021314651340790580e-02,2.014874876756955757e-01,5.527143282624504828e-01,7.726308410070352739e-01,-3.011107260683101305e-01,-4.910430809477926983e-01,6.627941821590751514e-01,-3.141795938780682640e-01,-8.430455636085180948e-02,5.356399139963455847e-01,7.745283337461358331e-01
2.606381435879906450e-01,2.432659725801532002e-01,9.097792416641656277e-02,1.984734294669688037e-01,5.121138768122411866e-01,3.162476199236670671e-01,9.086494178473186745e-02,8.199348542260037620e-03,2.446033293779647788e-01,5.334920745272400122e-01,7.731511180351726686e-01,-3.065353559431355235e-01,-5.670257580279753906e-01,6.121312519655542905e-01,-3.176325558519805803e-01,-6.319919958317812836e-02,5.455445337048501209e-01,7.690553798408091835e-01
2.461641966351287292e-01,2.399546849377384161e-01,8.975726251469520744e-02,2.012993447976661465e-01,5.113333945195632779e-01,3.218714309544041252e-01,9.438818437518715909e-02,5.990768945087768076e-03,2.896839982398304869e-01,5.142436020293893462e-01,7.715617968828821782e-01,-3.136842653483512544e-01,-6.385803538699137416e-01,5.500936455251459467e-01,-3.218047529186314759e-01,-4.097579870011777009e-02,5.533415924392884877e-01,7.642360019695744189e-01
2.443284588975160043e-01,2.328178138514800377e-01,8.880866243807056248e-02,2.034735777508063226e-01,4.975264955481676910e-01,3.213386060423790713e-01,9.521702312722603312e-02,5.629225323696769763e-03,3.342811753431765842e-01,4.950705763664057235e-01,7.675516593563378454e-01,-3.220450580201632551e-01,-7.012064748619353249e-01,4.718991312499623003e-01,-3.265930719969977747e-01,-1.791792510424284821e-02,5.587548996172254645e-01,7.602488080421372363e-01
2.479316930142040354e-01,2.244268383285216717e-01,8.680480691651094871e-02,1.998961036171423844e-01,4.819557156339108750e-01,3.266311527300166384e-01,9.691311464107654761e-02,4.100799664266318624e-03,3.773246809112310030e-01,4.775092886508888190e-01,7.608404955158332150e-01,-3.209407419129325922e-01,-7.562692424026936644e-01,3.731999527265369987e-01,-3.320137460313024591e-01,5.526123119291900983e-03,5.614138639286877508e-01,7.572816985791538391e-01
2.353911005767304609e-01,2.143334442783384475e-01,8.437071448549604558e-02,1.978190355122510513e-01,4.757656369061701307e-01,3.260915488750905089e-01,9.795210062304894605e-02,3.183834654513396142e-03,4.194959065154367228e-01,4.644875500872072682e-01,7.516573615570156797e-01,-3.051325760231399231e-01,-7.907402102867855387e-01,2.550924136107510787e-01,-3.381291672487923838e-01,2.878534963452752601e-02,5.609407036732964036e-01,7.554258365994899194e-01
2.485598750563709214e-01,2.001446648568486752e-01,8.237589755447120854e-02,1.974647227632879143e-01,4.886808789213101800e-01,3.308291261038928122e-01,9.920349348258854227e-02,3.595994382899136803e-03,4.593105541826670857e-01,4.530133110337137281e-01,7.392483816456245638e-01,-2.959643285665923829e-01,-7.990100616357819208e-01,1.418768766663394965e-01,-3.447344347460439273e-01,5.117726744320715004e-02,5.575882814200561199e-01,7.545812144586545589e-01
2.362981231368951329e-01,1.865248647095229806e-01,8.275642221598522585e-02,1.944033521491595751e-01,5.042503030469868142e-01,3.360547872215730036e-01,1.015634694712182901e-01,3.163045896283414420e-03,4.939723509075626406e-01,4.441502336086710079e-01,7.266154312872720178e-01,-2.746840590277290217e-01,-7.974464317549468939e-01,1.740224308575527568e-02,-3.517501445255482584e-01,7.220658646054452234e-02,5.513904408525154288e-01,7.547031180224634817e-01
2.228175172838050000e-01,1.682203630880233780e-01,8.122302533176065098e-02,1.945556523996705423e-01,5.084039873272427901e-01,3.495710955072754977e-01,1.048042561074618850e-01,1.382895490459480192e-03,5.239454329779178465e-01,4.389725958135199391e-01,7.120713256996245022e-01,-2.544678430280655768e-01,-7.816256462542789940e-01,-1.046983011600026159e-01,-3.590013019170112951e-01,9.147432201536662144e-02,5.423413893558653998e-01,7.557867012504101423e-01
2.152657748920004943e-01,1.650776451590821314e-01,7.911251444189068560e-02,1.951585263883400534e-01,5.130552460164378159e-01,3.530152504305515415e-01,1.028948538569906396e-01,6.986741869770135560e-04,5.501786134688667618e-01,4.365099084209626001e-01,6.961021735798452736e-01,-2.344853902965207126e-01,-7.600599331360932132e-01,-2.193007934329948561e-01,-3.663297015279364244e-01,1.088604483000243373e-01,5.306533522059613261e-01,7.578724579688953522e-01
1.967425393795593502e-01,1.533333525477222348e-01,7.555085784166259977e-02,1.954694539027362898e-01,5.248424719328379506e-01,3.533257260154210044e-01,1.038172420210644459e-01,2.634660527275982898e-04,5.712348968076771394e-01,4.387607225357618157e-01,6.783982380201328821e-01,-2.192396984914556646e-01,-7.367561190089396694e-01,-3.236986276673950447e-01,-3.738272209793315204e-01,1.243271744770707704e-01,5.166159272047495810e-01,7.608353782759499362e-01
1.808395912631495239e-01,1.527056224350821223e-01,7.339650978769898804e-02,1.921459641630995363e-01,5.429625863074281078e-01,3.600188023064219700e-01,1.035126415200425115e-01,-8.351746267743024319e-04,5.872062214802928892e-01,4.447883222519867785e-01,6.601936771602132659e-01,-2.025619813189696305e-01,-7.111200806052604406e-01,-4.196535416036519250e-01,-3.815061739726717804e-01,1.378797516420407210e-01,5.005333008650321158e-01,7.646022602417926750e-01
1.614608531565919214e-01,1.446228628493596013e-01,7.309416893431075479e-02,1.960768471866731755e-01,5.547986206127158981e-01,3.668949100557519771e-01,1.023999910252117312e-01,-2.185540052669685592e-03,5.981482344650482785e-01,4.558434561128420492e-01,6.413160199305898423e-01,-1.673294299341176183e-01,-6.935914410994685753e-01,-5.092974482345563603e-01,-3.897440218966289893e-01,1.495452876274188103e-01,4.824941917867626717e-01,7.689880549284852096e-01
1.417246387943839891e-01,1.302976007107947143e-01,7.144507809124106545e-02,1.969083975158725242e-01,5.555745836101264601e-01,3.745691253493027562e-01,1.027195052006159987e-01,-3.638493481134766599e-03,6.067226092438428031e-01,4.703862285430672197e-01,6.222505356330120252e-01,-1.349078467939177073e-01,-6.777139675055033896e-01,-5.950240674007406527e-01,-3.986489302091622555e-01,1.595206175667408799e-01,4.626112235361474756e-01,7.738402122965366559e-01
1.259414520025599060e-01,1.123569023583198406e-01,6.584160388920730356e-02,1.983803319844605895e-01,5.632027020919496696e-01,3.839895963341719565e-01,1.017446932114405150e-01,-2.458505486819890107e-03,6.115366900722882804e-01,4.895074585713810045e-01,6.026335191721723383e-01,-1.019800770397196882e-01,-6.492579468494037442e-01,-6.760896433056968746e-01,-4.081258278286323260e-01,1.677331484076170498e-01,4.410880921721767600e-01,7.790194676455978184e-01
1.127640908619114563e-01,9.667268813285152806e-02,6.638934247561466273e-02,1.977661597576226282e-01,5.495932963237391000e-01,4.001185092139511457e-01,9.900283677271652649e-02,-2.625719411713227629e-03,6.113951285045111650e-01,5.100286520218052511e-01,5.837142378052497804e-01,-7.290789887485149556e-02,-6.084369109596312608e-01,-7.542332785148118113e-01,-4.178217008819753997e-01,1.740077317471778462e-01,4.181178987882858689e-01,7.845194712985674723e-01
1.003821256883231788e-01,7.813679859366171043e-02,6.632788005997820868e-02,2.006029213969617586e-01,5.559772528184505624e-01,4.105476869025013187e-01,9.883245934113601971e-02,-3.103408921476084881e-03,6.059446871997786754e-01,5.320672748761124948e-01,5.651889785209445183e-01,-4.399216382258025471e-02,-5.594531902576603821e-01,-8.351225804900814786e-01,-4.275961929617527746e-01,1.780521028167809661e-01,3.938105886447460513e-01,7.902658637553965360e-01
8.234561827617969954e-02,6.095669763468813951e-02,6.425081195508690335e-02,2.025195545198607838e-01,5.632555778465782037e-01,4.216380374886701810e-01,9.911129985913381957e-02,-4.315031982662673009e-03,5.946829139384531837e-01,5.571710241492944249e-01,5.470290043703734950e-01,-1.852859343419670235e-02,-4.960777047531862993e-01,-9.088659777293913722e-01,-4.373608587208477894e-01,1.796160472166448974e-01,3.683285535750516759e-01,7.961930712214912997e-01
6.666501948692529766e-02,4.110840474984900350e-02,6.277978134555228795e-02,2.029009830404282788e-01,5.703449963325289973e-01,4.250907790729542834e-01,9.820563308754938492e-02,-5.461125262472142812e-03,5.778956969233357555e-01,5.842288859464925821e-01,5.306386732575212317e-01,1.199063344437276656e-03,-4.133509473722162819e-01,-9.730995967733855334e-01,-4.469092241084309247e-01,1.784531577835246907e-01,3.421494707707823379e-01,8.022671542118180454e-01
4.992103052125462098e-02,1.763970442630572941e-02,6.073796374374661189e-02,2.011696410234921628e-01,5.729512739132313071e-01,4.329796608917059197e-01,9.703920297903667613e-02,-6.476158979527373363e-03,5.552663865785086861e-01,6.120466474744522545e-01,5.163977869191658243e-01,2.062004354767311975e-02,-3.302770505365337228e-01,-1.025936705640565272e+00,-4.560073829088158726e-01,1.743821578617417434e-01,3.156663524319212599e-01,8.084408838184247159e-01
3.205761211785208148e-02,5.114801918635032696e-02,6.859747014326020298e-02,2.037108407523441356e-01,5.707137708263477771e-01,4.323808542687770373e-01,9.444422363650276098e-02,-8.535601832875855388e-03,5.273465644434350841e-01,6.421716601147590131e-01,5.034021683657229351e-01,4.595160880007535115e-02,-2.404614771354684766e-01,-1.064940517564294753e+00,-4.647644775894536617e-01,1.675058467428382214e-01,2.891010801158986898e-01,8.145409869452925333e-01
2.018271187326468527e-02,5.304747898723329025e-02,6.983168968078372341e-02,2.008428959756600185e-01,5.581189468456655423e-01,4.275176406315412958e-01,9.128749589223260352e-02,-8.655363157461624588e-03,4.945948860476171993e-01,6.713863731165785609e-01,4.913274159577446509e-01,5.833144706874486551e-02,-1.334451738000853038e-01,-1.080278953493729155e+00,-4.729071605676563594e-01,1.577732434755930446e-01,2.631647429956008311e-01,8.204820925016842459e-01
8.205223626107613008e-03,5.877342609101325610e-02,7.415123209735269283e-02,2.049875416653811344e-01,5.612652802108206718e-01,4.287527640281183494e-01,8.979341687683428663e-02,-8.286588663642804886e-03,4.576813370601067188e-01,6.999401362940983473e-01,4.822740426547060810e-01,7.573949918172845353e-02,-1.892721288882923819e-02,-1.077770254976232911e+00,-4.802455608861906367e-01,1.452451242966824874e-01,2.384269843699363678e-01,8.261758809006957138e-01
1.655860924609658036e-03,6.093138958119079240e-02,7.618536689720380173e-02,2.072648145506176820e-01,5.549509208632269486e-01,4.213257541856937349e-01,8.713290775292326096e-02,-7.748340597296953479e-03,4.165636020767928827e-01,7.264971259100853063e-01,4.767833597462979855e-01,8.309352734148871267e-02,9.665680467446410851e-02,-1.056510817810877967e+00,-4.865451457739080054e-01,1.300274488426730879e-01,2.154336413894743785e-01,8.315707993852963220e-01
-4.923781055179792497e-03,7.074549118384947100e-02,7.713441890335519247e-02,2.072440257923877094e-01,5.535770551019412178e-01,4.145874849420189689e-01,8.383246641915018116e-02,-8.250434301503704881e-03,3.724345113573075405e-01,7.529461791510594360e-01,4.732641697845981210e-01,8.470763566582471815e-02,2.073628418562445397e-01,-1.019748689463426006e+00,-4.918470783028936477e-01,1.124046847107461611e-01,1.945453958197980726e-01,8.365897412739695671e-01
-6.860751006782076639e-03,7.213878991478503422e-02,7.998970965329060823e-02,2.076485027188188781e-01,5.594101095035581839e-01,4.038048983635591505e-01,8.090531887446331116e-02,-7.398095214074422617e-03,3.268516865330088894e-01,7.777975172856023134e-01,4.709402295163708785e-01,8.033724407729617156e-02,3.113079725894038474e-01,-9.572259290938116560e-01,-4.960513387808548891e-01,9.284391323952925767e-02,1.762281004282427455e-01,8.411625889885256946e-01
-4.696008573703461253e-03,7.910166813324896740e-02,8.402905576328154047e-02,2.048334336967631841e-01,5.558602030710252384e-01,4.067397287102006431e-01,8.098711811880301981e-02,-6.110096062868986683e-03,2.812487655949726939e-01,8.001339280071105842e-01,4.705871403042412027e-01,7.033289732243910852e-02,4.005178046684546578e-01,-8.740576856434898456e-01,-4.991324225501360679e-01,7.194802984480888619e-02,1.609007270998775718e-01,8.451647157150073975e-01
9.806782116619794116e-04,8.478694157962242406e-02,8.756540431001226532e-02,2.054656831046706988e-01,5.476933845933293910e-01,3.933291719337549397e-01,7.794518047432448526e-02,-3.885247002734123350e-03,2.359817509511776268e-01,8.181101239381951551e-01,4.717995729156023721e-01,5.362513345739283732e-02,4.813702493675170446e-01,-7.770595505415414106e-01,-5.010442600470482732e-01,5.028097952815974853e-02,1.487971297447155672e-01,8.485637708673269275e-01
-2.565612784656997897e-03,8.895192409804672518e-02,8.901157879557626551e-02,2.088650970047995770e-01,5.521096399286204992e-01,3.889951677723302859e-01,7.770972519089359987e-02,-3.608214202843271039e-03,1.911362115576606124e-01,8.332312891849336101e-01,4.743058594934917993e-01,1.679930612171319157e-02,5.544934828723835363e-01,-6.649094693153159152e-01,-5.016469932096476736e-01,2.821087736253981987e-02,1.401035305939366260e-01,8.513909445584769697e-01
4.940484724946900448e-03,9.242409865198053520e-02,8.995114028166613374e-02,2.153209102942626185e-01,5.573176757947577720e-01,3.722475633704457887e-01,7.564440725369753205e-02,-1.837102387554111161e-03,1.494936075595323377e-01,8.444406249209785997e-01,4.780338614084982396e-01,-1.673640837862033076e-02,6.252288055638460795e-01,-5.400300066303034274e-01,-5.007258281518411902e-01,6.180786936029639828e-03,1.351081342006529296e-01,8.536061817362409210e-01
1.566025309919004058e-02,9.788883048930550890e-02,9.032172249359188276e-02,2.179018798214675812e-01,5.721025502620159520e-01,3.647979570516841630e-01,7.349729007216172783e-02,-1.177737208042276213e-03,1.100557003046287868e-01,8.509641098221309985e-01,4.838450946126897079e-01,-6.186894433950355932e-02,6.907790706758301091e-01,-4.090777067562991753e-01,-4.982101544220121636e-01,-1.558671273936619930e-02,1.340078533350088363e-01,8.551641389022190953e-01
1.782318781416169715e-02,1.001191027037612452e-01,9.279513279343307164e-02,2.234262663563220397e-01,5.726394425397816068e-01,3.616552391227429442e-01,7.467321070073594524e-02,8.722151252446917573e-04,7.424151242858048616e-02,8.534799260067805760e-01,4.921069180402352639e-01,-1.089166564841763940e-01,7.429499442133072895e-01,-2.801165010426200919e-01,-4.941077867120173828e-01,-3.683529758567184037e-02,1.367247874220122728e-01,8.560864540112838039e-01
2.355003877699513373e-02,1.023579615792250125e-01,9.317384973684014748e-02,2.209935297138874155e-01,5.699947509493064057e-01,3.565954361413758988e-01,7.599058527117941164e-02,3.307211415313074734e-03,4.244353535177872172e-02,8.516778428051172689e-01,5.021924514454074728e-01,-1.605002173377428343e-01,7.846735827475895819e-01,-1.562662377334376740e-01,-4.882766069945669307e-01,-5.718707407422318756e-02,1.430514999836167145e-01,8.565611428240692549e-01
3.619321921703839290e-02,1.053786585359468009e-01,9.437417455985826209e-02,2.182566444999575195e-01,5.705009120192537919e-01,3.539706294500772898e-01,7.491182949085402332e-02,5.567762908060299235e-03,1.313999456466745895e-02,8.480135855653812005e-01,5.138376309061717384e-01,-2.154564192755541729e-01,8.142204986549096413e-01,-4.703949938203959985e-02,-4.809755353784620491e-01,-7.655357094613364499e-02,1.525262570601617074e-01,8.566546243899771929e-01
4.282980431719692754e-02,1.106074831603141295e-01,9.307758874764478219e-02,2.158252636461030494e-01,5.689187067461414227e-01,3.487381893894960228e-01,7.503927361739433366e-02,8.330860034541014841e-03,-1.374766746827256123e-02,8.419820357530899413e-01,5.272775365146757931e-01,-2.774239167666553985e-01,8.217676268921902949e-01,4.778726140422225044e-02,-4.720974663598527243e-01,-9.465529204750725012e-02,1.646509109816265137e-01,8.566607861265261858e-01
4.921195309380155952e-02,1.159275975490827032e-01,9.339710292304906347e-02,2.162283847839540363e-01,5.726109709795971225e-01,3.333301041048650770e-01,7.470168226092049890e-02,1.200233550976661720e-02,-3.522009342767139922e-02,8.357231085359801970e-01,5.416918320703433265e-01,-2.970522191485568952e-01,8.085991630994563417e-01,1.328971221277866488e-01,-4.622021183575136805e-01,-1.111405210300669549e-01,1.787955632425333730e-01,8.565823845793965052e-01
5.536949289561701043e-02,1.197116034764662412e-01,9.954379641622281005e-02,2.197683487668986579e-01,5.688703502867803463e-01,3.291863622741974527e-01,7.246915039883106147e-02,1.431847433430270822e-02,-5.162439800535834761e-02,8.281518112770310802e-01,5.553273168103318724e-01,-2.915160158886910269e-01,7.801705850892286520e-01,2.138909865931658549e-01,-4.518891558431158972e-01,-1.258905153279075151e-01,1.945169712902640458e-01,8.562866523606162961e-01
5.999137616557421310e-02,1.216784007768332981e-01,1.042913160946133677e-01,2.202419709109208201e-01,5.682828419020200528e-01,3.277456109429543463e-01,7.294051289521959192e-02,1.582972667171708703e-02,-6.409020992390390692e-02,8.175963151923664185e-01,5.706565533673646495e-01,-3.079140985090831895e-01,7.366793997872692623e-01,2.884452439090346987e-01,-4.411833701528397045e-01,-1.386208691910616186e-01,2.114502814247994078e-01,8.559415708054479710e-01
5.884392709718451464e-02,1.250760069588552070e-01,1.001624879383281458e-01,2.131760527603605293e-01,5.653755792565097194e-01,3.293666821553662416e-01,6.994467206246841873e-02,1.582430351739622099e-02,-7.030193349302096828e-02,8.060060420669242776e-01,5.854912378968920583e-01,-3.035769585936546333e-01,6.877225207973188814e-01,3.614138371028579044e-01,-4.304853960799847612e-01,-1.492399685645874885e-01,2.294838701296313122e-01,8.553629873045913712e-01
5.185257731853605556e-02,1.257995461311639529e-01,1.051761941079678436e-01,2.172660149773461558e-01,5.672366250476198468e-01,3.227468184476970370e-01,6.454953737226122590e-02,6.687644275318916504e-03,-7.309075069205518693e-02,7.942391996473170401e-01,5.989212188890293831e-01,-3.005388373532469348e-01,6.345396746544128552e-01,4.139256404452519855e-01,-4.201525059269979323e-01,-1.579604659313433579e-01,2.481801617563426099e-01,8.545319288143673475e-01
4.608595655734961521e-02,1.276755055966564967e-01,1.086899461783616266e-01,2.225861293661147711e-01,5.727257610793886622e-01,3.147996377199961393e-01,6.210324284402438111e-02,3.844555622605442396e-03,-7.307218524054338860e-02,7.848136779186286605e-01,6.107257353498695140e-01,-2.392882539466331393e-01,5.775122540427822804e-01,4.499494214008569193e-01,-4.109388371980504662e-01,-1.650882462556536590e-01,2.669684782600867945e-01,8.531768903719247898e-01
4.330342646121913136e-02,1.312362583378310910e-01,1.191625091014786586e-01,2.277896459369846971e-01,5.680003859478082173e-01,3.099951749212365160e-01,5.728386637088234146e-02,1.191729300648976080e-03,-6.914223466414547159e-02,7.776427722722035751e-01,6.206567706226471248e-01,-1.652964707154919444e-01,5.047836337668736295e-01,4.701187645601264675e-01,-4.036234563049482804e-01,-1.708073428257294024e-01,2.851720389586027693e-01,8.510186019579327743e-01
4.442466361705795647e-02,1.299672402267486870e-01,1.267870121470881239e-01,2.377311916661837277e-01,5.553531381420243607e-01,3.022088811050546164e-01,3.220674886167585599e-02,-6.370859399797267758e-03,-6.134755947264497467e-02,7.738250538002903189e-01,6.264287003709785306e-01,-8.861090134068350110e-02,4.147673484595060245e-01,4.741878879779177769e-01,-3.985210923070939826e-01,-1.750625666591126839e-01,3.022096747050884158e-01,8.480826180797506053e-01
5.963389990992382789e-02,1.284293240472567377e-01,1.349863695507092509e-01,2.435669576449611684e-01,5.470932221818202157e-01,2.819904579378164078e-01,1.990613100290056919e-02,-8.640449483079272464e-03,-5.033562978751528194e-02,7.705275136041127571e-01,6.297974904249525885e-01,-1.727224106261138550e-02,3.153953243340150148e-01,4.623731278406644218e-01,-3.955887057258112294e-01,-1.776739623899790677e-01,3.176032916433809694e-01,8.446135321016224884e-01
7.020001224507579907e-02,1.267056648322751333e-01,1.412803920695998305e-01,2.467141948691698450e-01,5.403653473172603805e-01,2.588344928467763428e-01,2.021019982214542973e-03,-2.200453727052093661e-03,-3.820330472937014804e-02,7.702881871586937379e-01,6.281790373141730166e-01,8.781786896837676104e-02,2.116827550012718440e-01,4.325419702217245810e-01,-3.951790149532077301e-01,-1.789106050144092797e-01,3.307256759350045705e-01,8.405442526321517116e-01
8.445341758888923189e-02,1.279832696043655960e-01,1.492623713708595978e-01,2.531347576555472711e-01,5.471271168963256493e-01,2.213193709026659850e-01,-5.774312424502154109e-03,7.858965856375604853e-04,-2.615605486525372086e-02,7.705995534811227454e-01,6.211522114217674639e-01,1.831582278861349777e-01,1.143669262033198825e-01,3.813285846205002882e-01,-3.974846791489556330e-01,-1.792209937261325381e-01,3.410461769510635954e-01,8.357520390873491856e-01
9.586780164572983320e-02,1.266744816949301466e-01,1.534002381176796104e-01,2.663247728229444222e-01,5.856387434468949271e-01,2.199531879433347381e-01,-9.264643911756275871e-04,4.934157711572535916e-03,-1.455472147082583802e-02,7.748676322807989125e-01,6.073199625214744657e-01,2.877377444548828156e-01,2.452631389178775573e-02,3.112536882315116715e-01,-4.026421267303240126e-01,-1.791866575673020656e-01,3.481916934622371618e-01,8.301130352095472675e-01
1.036789515858823896e-01,1.264729211260046948e-01,1.589951256587052997e-01,2.825522063395526917e-01,6.096339416690887969e-01,2.279103111206239041e-01,1.382089992536326105e-02,9.492318918259561727e-03,-3.704844476817588991e-03,7.840046488680422199e-01,5.892760224428521543e-01,3.926385603227415255e-01,-4.809814451657884460e-02,2.354865460926278686e-01,-4.105371230604422661e-01,-1.791753817753476974e-01,3.521065306931436267e-01,8.236416917434719043e-01
8.202926760746256929e-02,1.165322792558591419e-01,1.650762893705019496e-01,2.945211079257017417e-01,6.354743681489569695e-01,2.413249352628101807e-01,3.956054612076873034e-02,2.136405565615977220e-02,6.123636426837763928e-03,7.942789474889843104e-01,5.676759096281089878e-01,4.924446590000860491e-01,-1.044681434949912974e-01,1.605230528240885746e-01,-4.208396097587790430e-01,-1.795141958019910444e-01,3.530598542526067751e-01,8.164551793977018468e-01
7.777073567700332202e-02,1.104158650409768905e-01,1.689145268410941481e-01,3.057321236955098942e-01,6.551482162364750117e-01,2.329999414507556987e-01,7.680360648978232230e-02,4.939769612929114512e-02,1.310355492845556233e-02,8.074463952213128959e-01,5.392609923273208317e-01,5.854656135634775938e-01,-1.647075555413112791e-01,8.237901699240614273e-02,-4.336319053195041295e-01,-1.804691726860301326e-01,3.510881180875476404e-01,8.084029274440917012e-01
7.335990349603310756e-02,1.053881490560083234e-01,1.705459924326210297e-01,3.188746862625994605e-01,6.760757168311661847e-01,2.504471327600318320e-01,1.126746088156170972e-01,7.251750685819208231e-02,1.977403277947674398e-02,8.228573000145171790e-01,5.066158183966916750e-01,6.619094072188179689e-01,-2.039607550132906955e-01,1.560244620139690161e-02,-4.484963438801063962e-01,-1.818402789414909348e-01,3.464511220937340208e-01,7.998137889674151735e-01
6.698362980327608740e-02,9.773246287305389912e-02,1.702734789279975736e-01,3.258845651518442188e-01,6.888716494512472366e-01,2.936353260532936771e-01,1.627967568376316176e-01,9.500461624965879370e-02,2.405356685774543216e-02,8.385891007369103978e-01,4.713838253046204740e-01,7.172652301676805120e-01,-2.300240573851766168e-01,-4.084627511152337520e-02,-4.649238215758951243e-01,-1.838562024066663914e-01,3.398010173781453869e-01,7.908302067575575522e-01
6.800905789944630686e-02,9.129201518749996414e-02,1.716988646553315734e-01,3.324239854037538966e-01,7.136477818956457053e-01,3.539281480745637976e-01,2.166771508040055694e-01,1.210524783823000994e-01,2.578079573895178042e-02,8.566891321796745729e-01,4.353119924126452878e-01,7.632122318082299461e-01,-2.560957728309793402e-01,-8.823191239185701473e-02,-4.825726379310606440e-01,-1.863413705060144032e-01,3.314225927551007755e-01,7.816389136397604576e-01
8.852756227243901987e-02,9.391953345595906166e-02,1.688273044424335734e-01,3.345489580384795603e-01,7.292045519945736798e-01,4.073584202323058401e-01,2.666980666120305488e-01,1.478437645864266459e-01,2.637642084955445568e-02,8.751920240450044020e-01,3.970252912800746881e-01,7.876980828207033047e-01,-2.784264747417486974e-01,-1.210975856480972224e-01,-5.009859516912817945e-01,-1.890561735261389598e-01,3.217210490393146438e-01,7.724867610007510876e-01
1.078728575940179069e-01,9.380338756758721530e-02,1.666539753483469166e-01,3.378719958485895680e-01,7.551385278864769512e-01,4.618290341606006155e-01,3.289671764537291931e-01,1.820729069416195389e-01,2.621560256345373610e-02,8.953346007874704027e-01,3.560784967040315774e-01,7.918637562772548044e-01,-2.979754538552911169e-01,-1.240828247095987769e-01,-5.200769530732987089e-01,-1.916044018690433171e-01,3.112468524789766544e-01,7.633434696442025214e-01
1.456975512639443193e-01,9.907559742652145840e-02,1.634371409770205008e-01,3.415434713238151287e-01,7.736278686844124675e-01,5.102519271620774566e-01,4.028323460220173957e-01,2.210992812231442617e-01,2.804346014195000306e-02,9.143574240475316195e-01,3.166932738554127380e-01,7.570945248916816084e-01,-3.066659589001308195e-01,-1.064143679277597954e-01,-5.390562255457946872e-01,-1.935804919474408137e-01,3.009309398962884408e-01,7.544908004615730190e-01
1.865998850109615581e-01,1.076839510518411286e-01,1.590909347183739608e-01,3.402364911324866625e-01,8.024953191343768832e-01,5.564987794923071940e-01,4.670149254799278449e-01,2.614136546558744056e-01,3.108296031259408232e-02,9.314955577219422578e-01,2.794834182867261818e-01,7.019852851330967702e-01,-3.014338281689746268e-01,-7.795514229112045224e-02,-5.572921999844234753e-01,-1.948090877436441382e-01,2.914313321714204763e-01,7.461270576150373923e-01
2.266096579426697954e-01,1.161418121447568563e-01,1.505449473677442085e-01,3.401668939853689233e-01,8.164612972991844853e-01,5.911418892939928060e-01,5.215537807667601777e-01,3.010383836308012095e-01,3.516197763929537062e-02,9.471176939022938335e-01,2.457914195223170339e-01,6.191471546783702262e-01,-2.865182493595046509e-01,-5.085142311151534533e-02,-5.742227164668798345e-01,-1.953035958595988331e-01,2.830610367131751737e-01,7.384862949627555295e-01
2.546356156138465665e-01,1.173986281586173186e-01,1.407281341879250691e-01,3.362468572704370162e-01,8.317274767124195334e-01,6.204843176765595381e-01,5.673803386371228941e-01,3.279200557402756067e-01,3.960568758532114625e-02,9.610933312897946834e-01,2.166115167420820387e-01,5.530264030303091438e-01,-2.551182537663528871e-01,-1.809992728700401954e-02,-5.893684843105033710e-01,-1.952484902306253212e-01,2.760552673247406164e-01,7.317520747779860946e-01
1.732593773111603674e-01,9.670703477688363803e-02,1.257882478929954750e-01,3.189772742651691972e-01,8.333914812298715002e-01,6.326922899823533841e-01,6.043983381018206424e-01,3.481524887228426568e-01,4.563195414412373613e-02,9.735733635541791164e-01,1.899499977089397496e-01,4.430545067034171169e-01,-2.088541593636511207e-01,9.722709089925722636e-03,-6.026719835404211745e-01,-1.948971370498917000e-01,2.706614396957960356e-01,7.259218320543567859e-01
1.915254649228870509e-01,9.212311358717252541e-02,9.831590389207361946e-02,3.019951184389071397e-01,8.287406744702030537e-01,6.387386551205911367e-01,6.318539607102531264e-01,3.711177395535989465e-01,5.037478511477282150e-02,9.810579068282712090e-01,1.740987065805399414e-01,2.793032372306564759e-01,-1.673773043309302599e-01,2.739817676669542915e-02,-6.119065018867529959e-01,-1.936671885858135544e-01,2.669444871637478567e-01,7.220953823772000568e-01
2.496973816751721920e-01,9.625420139109143458e-02,8.914263835833048655e-02,2.951271454210583900e-01,8.226097985104652288e-01,6.502434250827795470e-01,6.561284513799714446e-01,3.912579789127113017e-01,5.291198119438142444e-02,9.847673432917658509e-01,1.657075668830226278e-01,8.945801775959845437e-02,-1.218940233122271649e-01,1.942278300478943523e-02,-6.167596351752742123e-01,-1.918372336982672455e-01,2.645824199098731344e-01,7.204961888770069489e-01
3.320656052890499366e-01,1.073418404000998916e-01,8.517740869072468191e-02,2.829648179974650901e-01,8.266798758282742909e-01,6.665024936662594657e-01,6.681488729321688469e-01,4.056713673089902827e-01,5.500449520932220587e-02,9.838055936520146982e-01,1.682520706403539679e-01,-1.043571710438020578e-01,-7.512274073910854555e-02,6.806777732596452218e-03,-6.169939608631126449e-01,-1.893817614351017142e-01,2.633695895917120278e-01,7.213087685694423712e-01
3.790521532721779496e-01,1.161295535563467846e-01,7.408818792837409961e-02,2.662561360260770060e-01,8.083376380913100956e-01,6.617438452232867752e-01,6.712882013896747102e-01,4.146153915903044163e-01,5.809725995661210729e-02,9.818323725383002465e-01,1.753127439184324343e-01,-2.903003767855334982e-01,-2.882787351544295606e-02,3.460612792279310623e-02,-6.148022526804919341e-01,-1.859523285607262433e-01,2.638121424753968602e-01,7.234392508614173600e-01
4.340544955187942699e-01,1.275782510271074865e-01,6.527109602988055703e-02,2.512658728809605835e-01,7.904418568815767543e-01,6.531871012853179836e-01,6.667954536589717485e-01,4.194561483176746930e-01,6.095096038801839367e-02,9.769510899744053845e-01,1.880729291220557542e-01,-4.713220138212555477e-01,1.620707844696631095e-02,6.100930551960287440e-02,-6.099181694784991947e-01,-1.819825982615401738e-01,2.651909692314238232e-01,7.269897268647607103e-01
4.979433639834718872e-01,1.419332408241006926e-01,5.927550650317628400e-02,2.387752020411351705e-01,7.742081727808518554e-01,6.413856262967806421e-01,6.545956061156250616e-01,4.200300655865205068e-01,6.350771815660263830e-02,9.690364346085530434e-01,2.065601952351250326e-01,-6.430566777242581189e-01,5.876111035372717784e-02,8.475196779324717378e-02,-6.023121604623384862e-01,-1.774997366567431234e-01,2.674738382552677707e-01,7.319659872255033228e-01
5.715894906207760195e-01,1.594398309590423501e-01,5.665079285619185889e-02,2.295652969856137315e-01,7.608522263708947797e-01,6.268927847020869804e-01,6.346136351351850946e-01,4.161735714922524809e-01,6.570965491542522796e-02,9.579630950889432839e-01,2.308021112415370446e-01,-8.011389640678296953e-01,9.761321741044724776e-02,1.045697720139481812e-01,-5.919546748371993239e-01,-1.725309098655305740e-01,2.706285179423973397e-01,7.383738225896594454e-01
6.558636073852721626e-01,1.803433294436485590e-01,5.794632859685798498e-02,2.244173311934090087e-01,7.515896582334629095e-01,6.102619409456502275e-01,6.067745170932016263e-01,4.077230941302806833e-01,6.749889231754652164e-02,9.436057600637760556e-01,2.608262461251885655e-01,-9.412034684252499339e-01,1.315423948227347761e-01,1.191983754519265193e-01,-5.788161618082711124e-01,-1.671032840070978409e-01,2.746227766882813337e-01,7.462190236032434365e-01
7.516364462315257011e-01,2.048890442896352804e-01,6.371148723310518514e-02,2.241124781435338553e-01,7.476361089503165136e-01,5.920464594718840567e-01,5.710032283652251017e-01,3.945150615960157370e-01,6.881755201602685057e-02,9.258391181812514192e-01,2.966601688699763706e-01,-1.058884786369809428e+00,1.593276377961989621e-01,1.273734353774038930e-01,-5.628670705807437002e-01,-1.612440252006403230e-01,2.794243828883884451e-01,7.555073809122693218e-01
8.597787391141016311e-01,2.333222835087187252e-01,7.449564227286387119e-02,2.294319113150010969e-01,7.502072191032140847e-01,5.727997047252014751e-01,5.272247453268058548e-01,3.763859019848678211e-01,6.960775566392664315e-02,9.045378580895693243e-01,3.383314484597974570e-01,-1.149817513474791220e+00,1.797479415364468536e-01,1.278306090606017020e-01,-5.440778503598066029e-01,-1.549802995653534465e-01,2.850011049381874217e-01,7.662446851627514599e-01
9.811612179875656148e-01,2.658883551126148825e-01,9.084816722406485745e-02,2.411568041868236145e-01,7.605186292739146703e-01,5.530750411500142683e-01,4.753640443534932203e-01,3.531720433922475033e-01,6.981162491430623063e-02,8.795766684369297206e-01,3.858676538785486554e-01,-1.209636245313482350e+00,1.915823012490878163e-01,1.193055537717413461e-01,-5.224189503506495580e-01,-1.483392732204325271e-01,2.913207112331470672e-01,7.784367270007039874e-01
1.116654614806482648e+00,3.028325671130396302e-01,1.133184355946386668e-01,2.600683302380143447e-01,7.797859800441759859e-01,5.334258331907367756e-01,4.153461018208383093e-01,3.247099139135650181e-01,6.937128142022595811e-02,8.508302378715324465e-01,4.392963541101263525e-01,-1.233975577459166972e+00,1.936097121397297172e-01,1.005339267810442805e-01,-4.978608197584620809e-01,-1.413481122850729355e-01,2.983509701687360183e-01,7.920892970721412629e-01
1.267129661525418616e+00,3.444002275217091791e-01,1.424558208925158498e-01,2.869476629475862794e-01,8.092249119957586334e-01,5.144054452917813380e-01,3.470958941043905677e-01,2.908359416442308221e-01,6.822884683474624012e-02,8.181732550415777849e-01,4.986451181384281006e-01,-1.218470105485129240e+00,1.846091694139805894e-01,7.025138535873221013e-02,-4.703739077884338537e-01,-1.340339828784701537e-01,3.060596501404229675e-01,8.072081860230774231e-01
1.433457090098938513e+00,3.908366443503394905e-01,1.788096966256269293e-01,3.225759757945519945e-01,8.500510657104209944e-01,4.965672418975618507e-01,2.705383975797007734e-01,2.513865546796553718e-01,6.632644281092742178e-02,7.814804085952653523e-01,5.639415149473496758e-01,-1.158754424964658414e+00,1.633596682774494102e-01,2.719358677502631272e-02,-4.399286636457545585e-01,-1.264240511198194694e-01,3.144145195436768292e-01,8.237991844995264934e-01
1.616507632481607670e+00,4.423871256106468586e-01,2.229294363019025671e-01,3.677344422579241767e-01,9.034800817699204512e-01,4.804645874524903215e-01,1.855985886223180947e-01,2.061981811152488464e-01,6.360619100182984820e-02,7.406263871807957644e-01,6.352131135207887969e-01,-1.050463131471037537e+00,1.286402039357434357e-01,-2.990381169985251164e-02,-4.064955365356134331e-01,-1.185454831283163368e-01,3.233833467739661849e-01,8.418680831475030546e-01
1.817152020627990527e+00,4.992969793143470225e-01,2.753644134292730361e-01,4.232042358167161233e-01,9.707276007560181608e-01,4.666508464009805346e-01,9.220144360779369830e-02,1.551072490464218134e-01,6.001021306051394777e-02,6.954858794463681937e-01,7.124874828426417395e-01,-8.892308205775520946e-01,7.922977159447276707e-02,-1.023051527956819751e-01,-3.700449756632003817e-01,-1.104254450231560158e-01,3.329339002267597269e-01,8.614206726130211322e-01
2.036260986492654190e+00,5.618115134731559435e-01,3.366640015156693866e-01,4.897665299499404101e-01,1.053009263250471728e+00,4.556793831874448308e-01,-9.728061088322970118e-03,9.795018656858463235e-02,5.548063064003999623e-02,6.459335740401832560e-01,7.957921918968056119e-01,-6.706920878574889056e-01,1.390736645924348092e-02,-1.912747792422410664e-01,-3.305474302337054193e-01,-1.020911029235340578e-01,3.430339482975262588e-01,8.824627435420950849e-01
2.274705262030162878e+00,6.301760360987902487e-01,4.073775740690219749e-01,5.682024981366102789e-01,1.151540709835039866e+00,4.481035622562966614e-01,-1.202649490904814378e-01,3.456342177714750996e-02,4.995956539346840808e-02,5.918441596104406788e-01,8.851548096671767452e-01,-3.904815288841305132e-01,-6.854801626433416895e-02,-2.980770337693084415e-01,-2.879733494523175619e-01,-9.356962294864568097e-02,3.536512593817345840e-01,9.050000865807389383e-01
