-2.401133630851896850e-02,-1.995166422455850117e-02,6.166711854299606818e-03,9.056914166159513169e-02,6.753669425581167174e-02,2.042979553279742622e-01,1.618074604098536096e-01,1.617152561137934763e-01,-5.565217975421018481e-01,6.309926794873700340e-01,5.876047800013747269e-01,1.496099115507021566e-03,-8.684916554157248725e-03,2.244074952006812340e-03,-2.985542501249757175e-01,-3.517784057518770768e-01,1.225114876838281075e-01,8.787058052020045862e-01
-2.191679730780351013e-02,-1.905382037690982536e-02,7.147782075504815168e-03,8.924360816087135995e-02,6.484584577016569429e-02,2.105669187094820205e-01,1.663676774720360407e-01,1.555607354455828539e-01,-5.573919249214305260e-01,6.295124953505049081e-01,5.885219182436768337e-01,-8.224453605726088704e-03,-3.574817296247234308e-03,2.396677946443544031e-03,-2.979471301112451287e-01,-3.520497129486547805e-01,1.229504311124040294e-01,8.787374521787026938e-01
-2.023066126179957208e-02,-1.835799224010956424e-02,7.986682285691602476e-03,8.808705923122481241e-02,6.272861109377442235e-02,2.158361176502545109e-01,1.702856243489072052e-01,1.499517845885082468e-01,-5.582068079562976237e-01,6.282188577679153063e-01,5.892430021085613978e-01,-1.598929078637902762e-02,5.821894482742877991e-04,2.484680786047255025e-03,-2.973856527391529059e-01,-3.523141705253236000e-01,1.233553773500257605e-01,8.787614927783776730e-01
-1.892024575701634070e-02,-1.784653533190019847e-02,8.692694653251367004e-03,8.709381739530509814e-02,6.114125888354943195e-02,2.201755660679397542e-01,1.735984599606998080e-01,1.448753707874484709e-01,-5.589661591029453369e-01,6.271004359906917625e-01,5.897860415652809163e-01,-2.195365794650434160e-02,3.852581184088609695e-03,2.515562364864803134e-03,-2.968679751565869163e-01,-3.525710307370320540e-01,1.237278624736150717e-01,8.787786175141600875e-01
-1.795286837996299539e-02,-1.750180517002419833e-02,9.275101346575508748e-03,8.625820517576185398e-02,6.004005779640233381e-02,2.236552778801858821e-01,1.763433432276466650e-01,1.403184612872824533e-01,-5.596696908176159724e-01,6.261458992699248105e-01,5.901690465830879972e-01,-2.627280060615455604e-02,6.302835415877013070e-03,2.496801576943046171e-03,-2.963922545114352491e-01,-3.528195458389286054e-01,1.240694225600937617e-01,8.787895168991803896e-01
-1.729584671714871555e-02,-1.730615727222404449e-02,9.743184534055425103e-03,8.557454509524466124e-02,5.938127648924472479e-02,2.263452670046408877e-01,1.785574330699805645e-01,1.362680233328889823e-01,-5.603171155565517259e-01,6.253439168567050954e-01,5.904100271312348047e-01,-2.910196428538222579e-02,7.999429648320795228e-03,2.435877316328841514e-03,-2.959566479515858273e-01,-3.530589680861617174e-01,1.243815936863836430e-01,8.787948814465694758e-01
-1.691649835508268404e-02,-1.724194715624221066e-02,1.010622638408251520e-02,8.503715967640317064e-02,5.912118361898820867e-02,2.283155473589528750e-01,1.802778884079342114e-01,1.327110241691469572e-01,-5.609081457759947931e-01,6.246831580021231511e-01,5.905269931789740578e-01,-3.059639450423988494e-02,9.008841386101237858e-03,2.340268477069046976e-03,-2.955593126249266289e-01,-3.532885497338799086e-01,1.246659119294065005e-01,8.787954016694575765e-01
-1.678214088027408374e-02,-1.729153033982117754e-02,1.037350906504817816e-02,8.464037144188696349e-02,5.921604784254438231e-02,2.296361328607698926e-01,1.815418681617404217e-01,1.296344310409352218e-01,-5.614424939321874808e-01,6.241522919572697337e-01,5.905379546955581427e-01,-3.091133678278008140e-02,9.397548133899629591e-03,2.217453953210519937e-03,-2.951984056793456324e-01,-3.535075430372316974e-01,1.249239133660841189e-01,8.787917680809755883e-01
-1.686009187923209751e-02,-1.743726234070341885e-02,1.055431474534380965e-02,8.437850291434569050e-02,5.962213781682484254e-02,2.303770374277399613e-01,1.823865312516319559e-01,1.270252111931326477e-01,-5.619198724813719847e-01,6.237399879732352659e-01,5.904609216502394453e-01,-3.020203664105534230e-02,9.232027396397265995e-03,2.074912638800118208e-03,-2.948720842627308714e-01,-3.537152002513656024e-01,1.251571340733383109e-01,8.787846711942538525e-01
-1.711766893846590129e-02,-1.766149867663141179e-02,1.065792559336081399e-02,8.424587661642894687e-02,6.029572219874118622e-02,2.306082749775111851e-01,1.828490365978415744e-01,1.248703318706180787e-01,-5.623399938797905007e-01,6.234349153011105038e-01,5.903139040122704628e-01,-2.862373959911822252e-02,8.578756678275428760e-03,1.920123427884699602e-03,-2.945785055229703242e-01,-3.539107736314300312e-01,1.253671101280908751e-01,8.787748015224230436e-01
-1.752218964448468141e-02,-1.794659486534763357e-02,1.069362377749058512e-02,8.423681507078635555e-02,6.119306964520502407e-02,2.303998594277316125e-01,1.829665431206020654e-01,1.231567603182703863e-01,-5.627025705836853353e-01,6.232257431919859814e-01,5.901149117509035813e-01,-2.633169117702124570e-02,7.504213484215413454e-03,1.760565214511121282e-03,-2.943158266079519136e-01,-3.540935154325735024e-01,1.255553776072635686e-01,8.787628495786137250e-01
-1.804097158379761728e-02,-1.827490642459455791e-02,1.067069146612452391e-02,8.434564080006752562e-02,6.227044881312794600e-02,2.298218046960492922e-01,1.827762097401461894e-01,1.218714637809684143e-01,-5.630073150492986844e-01,6.231011408969522325e-01,5.898819548353912978e-01,-2.348113689481696326e-02,6.074875318898494830e-03,1.603716892726241277e-03,-2.940822046655636179e-01,-3.542626779099445899e-01,1.257234725877782455e-01,8.787495058759565714e-01
-1.864133234291388830e-02,-1.862878887211466203e-02,1.059841082765402773e-02,8.456667632692208003e-02,6.348412835942156274e-02,2.289441247001123003e-01,1.823151953767067346e-01,1.210014095035910203e-01,-5.632539397328727437e-01,6.230497776670999022e-01,5.896330432349862205e-01,-2.022732227255793352e-02,4.357219687005971925e-03,1.457057356576917182e-03,-2.938757968436934709e-01,-3.544175133186917015e-01,1.258729311465566492e-01,8.787354609275821460e-01
-1.929058950834268427e-02,-1.899059772565042659e-02,1.048606403047049745e-02,8.489424417399964173e-02,6.479037694099745726e-02,2.278368333575686855e-01,1.816206589505164337e-01,1.205335647310170899e-01,-5.634421570906497090e-01,6.230603227535196353e-01,5.893861869189405134e-01,-1.672549283029665240e-02,2.417724093219143777e-03,1.328065500110007027e-03,-2.936947602902294507e-01,-3.545572739139633001e-01,1.260052893605206059e-01,8.787214052466209013e-01
-1.995606066659318112e-02,-1.934268850294432185e-02,1.034293324296532701e-02,8.532266686394980593e-02,6.614546321476723334e-02,2.265699445860664962e-01,1.807297593818080750e-01,1.204548967081254390e-01,-5.635716795788718869e-01,6.231214454073019660e-01,5.891593958565068956e-01,-1.313089408808567476e-02,3.228660422192625862e-04,1.224220217372367758e-03,-2.935372521530595358e-01,-3.546812119509080152e-01,1.261220833065919145e-01,8.787080293462035119e-01
-2.060506340417406559e-02,-1.966741672173838440e-02,1.017830063352969522e-02,8.584626691942019716e-02,6.750565583764092659e-02,2.252134723032487018e-01,1.796796555908103665e-01,1.207523726797921082e-01,-5.636422196537688167e-01,6.232218148795233281e-01,5.889706800169243195e-01,-9.598771565977323034e-03,-1.860876961312238169e-03,1.153000402410833116e-03,-2.934014295800649319e-01,-3.547885796846660389e-01,1.262248490616893759e-01,8.786960237394407791e-01
-2.156013216690274084e-02,-2.177621435720340087e-02,1.017781668685488992e-02,8.614413609776298830e-02,6.902524839653022271e-02,2.217733373653937301e-01,1.776415141698669542e-01,1.263881736812396961e-01,-5.634757231045728343e-01,6.230612928506276127e-01,5.895304580057250110e-01,-2.243424171287516228e-03,-9.627466928316195938e-03,-8.937049595898250744e-05,-2.935645227349804598e-01,-3.548516654246952617e-01,1.261156430516781890e-01,8.786357130182040898e-01
-2.203198017483811583e-02,-2.258585714415302023e-02,9.512631982334714131e-03,8.504485122594226953e-02,6.480523339222618584e-02,2.204521629431746843e-01,1.778271077196548478e-01,1.288202476954747600e-01,-5.637799298778815027e-01,6.239876891305852213e-01,5.896525159741747846e-01,2.548182748416517526e-03,-1.377394678628151604e-02,-2.227002126575531801e-03,-2.938614906607062149e-01,-3.547956532024342247e-01,1.258617883859124986e-01,8.786041555472585696e-01
-2.167506950216905107e-02,-2.286340056215398556e-02,8.137739479212256419e-03,8.556896547475663362e-02,6.028129987614425783e-02,2.183825649883688880e-01,1.753628512515451876e-01,1.332181131027698751e-01,-5.632758482436160952e-01,6.245544785399036458e-01,5.900333052349695517e-01,4.564464111792829182e-03,-1.641945175757018524e-02,7.329417850407678268e-04,-2.942233836318525753e-01,-3.546882739361520986e-01,1.256159639902238445e-01,8.785745545188631267e-01
-2.118023402718041334e-02,-2.217087287050729938e-02,7.172991782987469221e-03,8.199042178790727498e-02,6.026460371586346565e-02,2.223601227085953980e-01,1.745909563052303604e-01,1.300833485167171844e-01,-5.623528095453150799e-01,6.255979457920270992e-01,5.891181667288011292e-01,6.124558359432681100e-03,-1.671504856238615819e-02,2.375146256240607580e-03,-2.945943418704181083e-01,-3.545788247608929189e-01,1.254404775822625107e-01,8.785358373545819610e-01
-2.356754297399599879e-02,-2.594614088066509588e-02,7.475700428078315904e-03,8.455340337767726366e-02,5.925267121884513627e-02,2.232609894437458942e-01,1.722551876792816072e-01,1.247921175477311184e-01,-5.617034631282101786e-01,6.265193550757008900e-01,5.886909144630260160e-01,1.147226757217354939e-02,-9.233337855228236635e-03,2.662272743257758107e-03,-2.949676362028396115e-01,-3.546177156714133694e-01,1.253311211291956162e-01,8.784314343366093070e-01
-2.426224842567931833e-02,-2.709599818000299476e-02,7.929158462371079311e-03,8.088121600925304855e-02,5.123706244404144933e-02,2.189654787581721551e-01,1.714145723051444248e-01,1.338501474600658492e-01,-5.623507357448802590e-01,6.271548267803727095e-01,5.850040922995111137e-01,2.584311246782907551e-02,-3.933166140337892441e-03,8.657010517651334914e-04,-2.954904196098583347e-01,-3.549174355231584088e-01,1.251364592119572350e-01,8.782053233548090532e-01
-2.439678560127524903e-02,-2.932142696409613739e-02,6.738407669012116616e-03,8.477505095473819585e-02,4.994734455568475978e-02,2.154938872864547994e-01,1.704415975154479346e-01,1.387864035430821097e-01,-5.628501266400667280e-01,6.278274293880681256e-01,5.788022439705599043e-01,3.505052077877522654e-02,2.185030837564232165e-02,9.780624103209103071e-04,-2.962386120511147913e-01,-3.559088977562855916e-01,1.249712377624877524e-01,8.776719664937783216e-01
-2.449768848297220053e-02,-2.629337261983805477e-02,7.459730187809731662e-03,9.055990753202586285e-02,5.788092436910891037e-02,2.171630193678589782e-01,1.699883814544925764e-01,1.427884005703862480e-01,-5.656959239748580170e-01,6.270911808575039270e-01,5.756190096793020183e-01,3.378152888160912415e-02,6.469231148393229935e-02,-8.558305385750836214e-03,-2.968693056141319397e-01,-3.581159416105638149e-01,1.248471318386312756e-01,8.767938930891829852e-01
-2.172612587636104167e-02,-2.177597238386601297e-02,9.588127663604369480e-03,9.398165249623822992e-02,6.581111655580941522e-02,2.211652583685006224e-01,1.712483366223487291e-01,1.375806504028041777e-01,-5.680359608845555464e-01,6.283950088165998205e-01,5.773114283389237933e-01,2.515511522621062881e-02,9.408811724566651380e-02,-1.546005861913238993e-02,-2.971785204239095757e-01,-3.612647515672391951e-01,1.248166388177066599e-01,8.758118798437906083e-01
-2.045286217494774253e-02,-1.748651103172736698e-02,1.014926383304136023e-02,9.573692708575783084e-02,7.440479963366827820e-02,2.232779275773640604e-01,1.683211851597876119e-01,1.281441741907714815e-01,-5.709125689686640470e-01,6.300621468613970544e-01,5.800077145376041354e-01,3.191062582984903343e-04,1.060546019318569372e-01,-1.608167622738866653e-02,-2.969220976023861924e-01,-3.646053742636014006e-01,1.251124712587936560e-01,8.750398899556732779e-01
-1.890036124217165867e-02,-1.098589732240233888e-02,1.221136061438764069e-02,1.007242395429660126e-01,8.385579424594510889e-02,2.262372614937997461e-01,1.689537034637584312e-01,1.236369368349703735e-01,-5.755279105887721736e-01,6.300499509397922138e-01,5.839933120923365140e-01,-4.029675904155864685e-02,1.008477765763822059e-01,-1.495840836908798877e-02,-2.957037906633808722e-01,-3.675813465871692332e-01,1.258301906852125895e-01,8.747306230824430928e-01
-1.358323912608350864e-02,-2.926733346866158131e-03,1.421441590140765446e-02,1.087449297578551577e-01,9.849566510548662945e-02,2.315892277704739155e-01,1.676758422689344774e-01,1.236020926743843507e-01,-5.803941326852934957e-01,6.291855711680761631e-01,5.886307742504161000e-01,-8.834351314178082171e-02,7.627711327829024557e-02,-1.870972197219406344e-02,-2.934544363746271478e-01,-3.696713188313503484e-01,1.268628106516511145e-01,8.750554129708797424e-01
-6.127798627367205334e-03,8.366404283057850624e-03,1.087518384524962384e-02,1.052387360988892157e-01,1.111978134791068995e-01,2.346448670751958843e-01,1.647423994996008445e-01,1.210091063907764164e-01,-5.867104844239675598e-01,6.253816286561943993e-01,5.951967226842818093e-01,-1.429167335378082049e-01,2.436028826214994836e-02,-1.332294557940151211e-02,-2.902893783847559916e-01,-3.703704157656566576e-01,1.281030000374709099e-01,8.761246750310408560e-01
-5.699130405633116240e-04,1.785127516257106750e-02,1.615189641399151360e-02,1.163286161253948986e-01,1.287585444944370494e-01,2.360202435249931785e-01,1.634042869437636047e-01,1.188594152612903604e-01,-5.911074351078081657e-01,6.225864419272533201e-01,6.031073825715301817e-01,-1.922240092173976844e-01,-4.826196931776352561e-02,5.459033389525320273e-03,-2.864245448279922335e-01,-3.689821669009388239e-01,1.297243195156728979e-01,8.779394106811475584e-01
4.036049436898139081e-03,2.566338436061903205e-02,1.361287018462439651e-02,1.087219422908018707e-01,1.443150103560602304e-01,2.231259683214751044e-01,1.622299903373480290e-01,1.193015005487251951e-01,-5.864728367693765598e-01,6.192419943402880378e-01,6.163938269478570486e-01,-2.345876986654970853e-01,-1.366210401861136514e-01,4.252721844070518620e-02,-2.822261654353206417e-01,-3.646859504752599790e-01,1.322237588885178672e-01,8.803675897372547077e-01
1.061312672084244180e-02,3.916888421441643009e-02,2.118808748535506298e-02,1.295309233874266663e-01,1.643857308002691919e-01,2.246816149076374114e-01,1.638659720715280321e-01,1.179195908188180597e-01,-5.759501758582635800e-01,6.132243192404296384e-01,6.278074320267322816e-01,-3.085875065013043983e-01,-1.971845039021924428e-01,7.837464054708365158e-02,-2.770551364168157837e-01,-3.575188557485836638e-01,1.358291572610031972e-01,8.833970048494346194e-01
1.923173305245379217e-02,5.241063313044483363e-02,2.183657602959444832e-02,1.298728317131767340e-01,1.845549343928010733e-01,2.386400888490528005e-01,1.692728662957926344e-01,1.210974266589284337e-01,-5.613654336573334902e-01,6.046880135124745870e-01,6.425241074362779692e-01,-3.562868047081463874e-01,-2.527608519346801752e-01,1.063512359184441008e-01,-2.706324713539893789e-01,-3.479923815868282699e-01,1.402738704423384664e-01,8.870225501922781586e-01
2.830476531170751306e-02,6.716060185850460107e-02,3.154333645950598702e-02,1.543131066842046706e-01,2.032981891080185566e-01,2.527118063123726110e-01,1.809035567313934667e-01,1.214855518921224564e-01,-5.439928617813859502e-01,5.919258950127529451e-01,6.592437284324601521e-01,-4.096691675671110811e-01,-2.945554743176017065e-01,1.317474959064782458e-01,-2.630454349173409478e-01,-3.366543538527246859e-01,1.454941090277159788e-01,8.911355606267965523e-01
3.554460756679796857e-02,8.134265916368010885e-02,4.026865303291195936e-02,1.778072659059878324e-01,2.180822760766520929e-01,2.766819270888269955e-01,1.898771379489746503e-01,1.214995863456918013e-01,-5.232825081055850758e-01,5.757889625625561836e-01,6.789581641375360688e-01,-4.433691048160458559e-01,-3.454883595600504176e-01,1.487064550487447456e-01,-2.545409210632916253e-01,-3.236537383118922584e-01,1.512987745734412914e-01,8.956768149371584498e-01
4.349004407375485493e-02,9.450479885170301464e-02,4.823756095359690854e-02,2.044398193138847186e-01,2.291617512496494646e-01,2.865762168552257183e-01,2.070775706649121417e-01,1.179147513520699964e-01,-5.004319430048422834e-01,5.586450518726485681e-01,7.015610088387185250e-01,-4.746608788556873626e-01,-3.936521423367992378e-01,1.609254934962428274e-01,-2.454555631539200033e-01,-3.090284905826949369e-01,1.573790448766027028e-01,9.006062978337657787e-01
4.946049420083044323e-02,1.059774806979798534e-01,5.693238888649013174e-02,2.256320861769554598e-01,2.391068554169027416e-01,3.069266584774722473e-01,2.235194169680919940e-01,1.163506356990985924e-01,-4.743245236974052981e-01,5.400811310230939633e-01,7.244206591604139822e-01,-5.034910748248146994e-01,-4.331172544614165787e-01,1.685415192427820175e-01,-2.358638373488675943e-01,-2.929507000948396445e-01,1.636044586083513219e-01,9.058683853675894015e-01
5.577261068031872521e-02,1.188845804883802287e-01,6.308698072332921680e-02,2.442640331569676526e-01,2.474000076097073730e-01,3.162798958614383982e-01,2.398146274288057989e-01,1.140661654206791553e-01,-4.464994051155219967e-01,5.207085761325593865e-01,7.479300015326199036e-01,-5.214189346050890350e-01,-4.641234577866979460e-01,1.723123664359139384e-01,-2.259598897080220270e-01,-2.756987612173633639e-01,1.698095907638033641e-01,9.113896269108617831e-01
6.108586122300844329e-02,1.299258238740680083e-01,7.116501861918281269e-02,2.693982876596666687e-01,2.526302612976679685e-01,3.411883892403406726e-01,2.593551842907653171e-01,1.101302271144859457e-01,-4.166647739122918415e-01,5.001534118559646247e-01,7.721895165240239001e-01,-5.389602713119314714e-01,-4.860984008385228483e-01,1.735395253349716060e-01,-2.157978659735998173e-01,-2.576354410205179968e-01,1.759510453598626123e-01,9.170784396597858601e-01
6.559213068545995118e-02,1.403268058089880421e-01,7.979257796427806360e-02,2.901349187284080200e-01,2.531686519733891139e-01,3.642634506417421481e-01,2.742660652881978578e-01,1.046824393962003108e-01,-3.857334479124442939e-01,4.792497503539174808e-01,7.972847730906629238e-01,-5.422232451643913542e-01,-5.010443630263554660e-01,1.723773631602477652e-01,-2.055984407596243568e-01,-2.390584767038901048e-01,1.819250093368539323e-01,9.228443946198846559e-01
6.922608626657454634e-02,1.502600532827085555e-01,8.646668655652087199e-02,3.084772236235491794e-01,2.516277657608083640e-01,3.830454210909440826e-01,2.848945021602765082e-01,9.722506311078479846e-02,-3.548541150520698184e-01,4.583677156278334053e-01,8.214044053051178240e-01,-5.363265210673840988e-01,-5.067448869049614446e-01,1.689088544534451675e-01,-1.955303034510670335e-01,-2.202903428763262617e-01,1.876348407237586613e-01,9.285951001754750855e-01
7.103822459038376669e-02,1.559282787113681068e-01,9.016887861878303267e-02,3.205925866539677260e-01,2.429743152686109908e-01,4.097299987663824972e-01,2.995367927531921159e-01,8.982963199974436375e-02,-3.231282272284786705e-01,4.373700912156082143e-01,8.455792401121000612e-01,-5.183474936530596544e-01,-5.072861229259432170e-01,1.593621148396605625e-01,-1.857588955766283356e-01,-2.015764713872403302e-01,1.929415664844959244e-01,9.342567943939439346e-01
7.053951754199669355e-02,1.589708514558703656e-01,9.377670107945812461e-02,3.278406560025298733e-01,2.313034572590012827e-01,4.356308248019735707e-01,3.108088787027620259e-01,8.214407485715805035e-02,-2.923072076612834302e-01,4.170342560230967388e-01,8.686534794025988493e-01,-4.973340181032150920e-01,-4.988343015353775556e-01,1.467594920004159087e-01,-1.764721225792551251e-01,-1.832457236935826073e-01,1.976829857102040677e-01,9.397537197502006112e-01
7.020898196310453032e-02,1.616850663815170563e-01,9.897283652684489563e-02,3.363544878790458159e-01,2.181260732507219746e-01,4.536396904381736483e-01,3.248276040051907287e-01,7.701061050415858311e-02,-2.636179068124875347e-01,3.977428756067254989e-01,8.897157866379103996e-01,-4.657245207143034249e-01,-4.862214797420486012e-01,1.309652879873015041e-01,-1.677756198969133361e-01,-1.655490077343066690e-01,2.017517258803405711e-01,9.450119230137143944e-01
6.899040423594424154e-02,1.624816426082469345e-01,1.013093310728059027e-01,3.389140818420921519e-01,2.049179586285925780e-01,4.682076952165065697e-01,3.337116550879328791e-01,6.992103369159524684e-02,-2.364821293703807670e-01,3.779687440748470961e-01,9.091025124980828265e-01,-4.276099921195264941e-01,-4.746408266747759175e-01,1.096866396312652647e-01,-1.598509863910691498e-01,-1.486383300207475555e-01,2.049957049809643383e-01,9.499714531707024179e-01
6.816430726205123525e-02,1.657879662905181739e-01,1.041520338406134727e-01,3.457769296375091117e-01,1.925964343147068547e-01,4.866540486467307858e-01,3.411801621468689150e-01,7.168574524127353798e-02,-2.104656116486703921e-01,3.607308704747614891e-01,9.263094272202485602e-01,-3.712739084395731970e-01,-4.537571717099703750e-01,7.872019494054979805e-02,-1.529862412895618973e-01,-1.326808747409797817e-01,2.070892652260654387e-01,9.546086954868654439e-01
6.812970507480264892e-02,1.676567263752796744e-01,1.060803193663760330e-01,3.473529019840132515e-01,1.800121269564017301e-01,5.022274526419721052e-01,3.506289789991091643e-01,6.660091752909204355e-02,-1.839630839821981279e-01,3.454608853587238237e-01,9.424114013202581353e-01,-3.134394428273714617e-01,-4.225912423919111482e-01,4.311288041422359912e-02,-1.470765478571554041e-01,-1.180319046397992622e-01,2.079055557857977521e-01,9.589394649979658958e-01
6.649541715398442354e-02,1.682940841459985015e-01,1.075996699519279343e-01,3.489046769967771300e-01,1.685130700163479933e-01,5.112678185006764853e-01,3.544422368232391651e-01,5.648739991900645491e-02,-1.597915573806717449e-01,3.335230531556449551e-01,9.547703631402093549e-01,-2.495030639910767178e-01,-3.754546152959908900e-01,7.429678754965075155e-03,-1.422925515311115607e-01,-1.050544721870839276e-01,2.075183365829721960e-01,9.629267688860218000e-01
6.687023385362129979e-02,1.688392500751668968e-01,1.081791960950075349e-01,3.526158220725231773e-01,1.592237135934561898e-01,5.182925464588159503e-01,3.587800928428583336e-01,5.061930451365223571e-02,-1.357960075589006166e-01,3.240452914064794188e-01,9.664125306527231452e-01,-1.879043200036278616e-01,-3.117557510853203318e-01,-1.808706718216656836e-02,-1.387491291392016768e-01,-9.408815936869241447e-02,2.061969840474593418e-01,9.664520635650463154e-01
6.213723537402339459e-02,1.658663656518366558e-01,1.082924396169120118e-01,3.505791324916041063e-01,1.497823979146754858e-01,5.308432195232219986e-01,3.607993603434843655e-01,4.158643982840736636e-02,-1.175562908439905241e-01,3.165283079684423906e-01,9.740046152922212652e-01,-1.573067662962324698e-01,-2.034917791169996715e-01,-2.931801712888802008e-02,-1.355245715879760671e-01,-8.580662201259291189e-02,2.045212680073452416e-01,9.693565114747901834e-01
5.941914887497824760e-02,1.618050851568688109e-01,1.069698133546685692e-01,3.527619739683143796e-01,1.435075453291472236e-01,5.337127813314813674e-01,3.621316655392239348e-01,3.555840004702991164e-02,-1.059025199242820681e-01,3.094741276607774760e-01,9.782818780652517976e-01,-1.677485937786352410e-01,-5.247137153652006031e-02,-1.779734774072124284e-02,-1.310581372238183717e-01,-8.088073478433570329e-02,2.035614707837851145e-01,9.713587182915732754e-01
5.791843023640634580e-02,1.603972842798595810e-01,1.033039172930168004e-01,3.488040160884175456e-01,1.336207567362080184e-01,5.016595412190878456e-01,3.561401637317943014e-01,3.331966272937962603e-02,-9.268623912933342257e-02,3.102913531607016107e-01,9.795956306407144210e-01,-1.380347189403739461e-01,5.253740544262536227e-02,-1.790348600865044985e-03,-1.257326246193807007e-01,-7.925462662039561845e-02,2.038795304198414982e-01,9.723413682970567518e-01
5.436166414992324447e-02,1.516922934667954137e-01,9.647349392481180397e-02,3.331205142246579376e-01,1.364271635034051688e-01,4.780717383157298550e-01,3.422765433386408263e-01,2.393061329147789379e-02,-1.053400756206366029e-01,2.937880986765529223e-01,9.805034614691601202e-01,-9.283606598409796518e-02,5.089139797159743933e-02,1.277215019976103705e-01,-1.229302500693969791e-01,-7.926345825611019746e-02,2.061649174384471706e-01,9.715945157551771905e-01
5.033280808216736291e-02,1.525176645206762494e-01,9.573184564567235877e-02,3.201751826469479423e-01,1.381316236920701601e-01,4.659382272850060569e-01,3.369052191949744590e-01,1.314199007003863037e-02,-1.156904629670566509e-01,2.810136855028248504e-01,9.877503077124606401e-01,-8.169327648793571484e-02,1.347935259051112888e-01,2.409976548756613823e-01,-1.205251849664254749e-01,-8.020419281553609059e-02,2.126280249327152094e-01,9.690496869017000137e-01
5.299330492691065736e-02,1.563132582911758717e-01,9.547728969472467353e-02,3.128903333511006135e-01,1.446852295622864382e-01,4.489708148929874021e-01,3.366315473503719291e-01,2.192212605889132509e-03,-1.252706309567419296e-01,2.798210527479962351e-01,9.859496564206212676e-01,-3.400988173492010269e-02,1.952026224008972521e-01,2.573531470906690877e-01,-1.182522134323822638e-01,-8.393769155078459332e-02,2.209812256366656957e-01,9.657119063107800772e-01
5.289361191190071476e-02,1.618467045709020558e-01,9.487017859118114516e-02,3.098412273264884442e-01,1.524496700128660787e-01,4.774421236918078293e-01,3.420377156546242636e-01,-3.555380077438520352e-03,-1.332463686766831301e-01,2.816370106620927349e-01,9.879786232650947797e-01,1.988294741914491126e-02,1.985601526581723675e-01,2.206004381615881693e-01,-1.171656045994259876e-01,-8.917744724811287049e-02,2.289053641030615038e-01,9.623753370606056290e-01
5.848488981926619479e-02,1.727715587812991005e-01,9.650930597874742001e-02,3.047370417473147519e-01,1.658271659711774149e-01,4.943976793902937206e-01,3.437007984025934326e-01,-5.011926127409381971e-04,-1.437450821303940807e-01,2.907567949552465336e-01,9.841734463481922601e-01,6.776409816321869728e-02,1.737908690508795373e-01,1.740211234041044441e-01,-1.174860754260664691e-01,-9.520212188798818365e-02,2.353491962371329349e-01,9.594108326946848564e-01
6.502034768917720753e-02,1.821431861389078144e-01,9.469474792156415410e-02,2.945274607222802543e-01,1.806143985931971951e-01,5.228481784820974143e-01,3.426707179052698726e-01,1.731979318149099323e-03,-1.527184659880893025e-01,3.058263620721184406e-01,9.744841075784737017e-01,1.274167434204814542e-01,1.308026233128385118e-01,1.570275915361284691e-01,-1.199101873420980596e-01,-1.013271793617911420e-01,2.406656331715405772e-01,9.566376661657792768e-01
7.583824968444222159e-02,1.948704997396179250e-01,9.445229063748659948e-02,2.805285772335185945e-01,1.922550099356315489e-01,5.462428866622082158e-01,3.411866954269787700e-01,3.788510712735119329e-03,-1.568728313972559685e-01,3.215119466705355089e-01,9.689145708773412302e-01,1.784263801140051897e-01,1.038545665313347771e-01,1.777032915557915649e-01,-1.246037225249087693e-01,-1.071707553797630469e-01,2.457541788580211162e-01,9.537689784763189182e-01
8.077015024738519455e-02,2.030090309698222018e-01,1.006286600746919280e-01,2.801201262399827807e-01,2.017531893487019556e-01,5.577213758685826139e-01,3.389537654694261826e-01,9.441491821138299489e-03,-1.594066698952081862e-01,3.427780788628699282e-01,9.634666971350518416e-01,2.196196099332105578e-01,9.186837539148998144e-02,2.234253755793089991e-01,-1.309660445836440257e-01,-1.127382231352901942e-01,2.517859369758090327e-01,9.505391097102421361e-01
8.826019293335007898e-02,2.154505740590597351e-01,9.994677920989096520e-02,2.667213366279799769e-01,2.119460742134555986e-01,5.746394256997710004e-01,3.348375570268679047e-01,1.240856888437088731e-02,-1.550903999235225816e-01,3.660851763164795214e-01,9.588496273479147902e-01,2.439195687889974262e-01,9.041407368452111792e-02,2.930629697487238117e-01,-1.384425600082614116e-01,-1.177793797836377138e-01,2.595502214210450020e-01,9.467070358756589643e-01
1.014177351279623163e-01,2.289877724200568565e-01,1.069141594870659101e-01,2.745131200656861226e-01,2.265215801652480376e-01,6.143709637546288516e-01,3.372560805342084134e-01,1.606986745261198765e-02,-1.522433681837107311e-01,3.860671816538487899e-01,9.510411761963829536e-01,2.368917979704048271e-01,1.058794910761384767e-01,3.612224070304304036e-01,-1.458662806737352213e-01,-1.224965619799335964e-01,2.692132534437978730e-01,9.422456445518929691e-01
1.158166005434506929e-01,2.376891336330599624e-01,1.081044263337500588e-01,2.651731912152771597e-01,2.375647593376349898e-01,6.450500372839120811e-01,3.395746690532016610e-01,1.990562879712047192e-02,-1.509794855710856198e-01,4.029649026064220374e-01,9.474043721243080585e-01,2.448440434744686423e-01,8.834714327798046107e-02,4.305654415768005450e-01,-1.532974765739953116e-01,-1.265952445992865050e-01,2.806946761238733323e-01,9.370416968528597623e-01
1.283805821414140125e-01,2.465618119689442500e-01,1.172919119815952899e-01,2.770303686946870014e-01,2.442906502240819733e-01,6.543188259731246292e-01,3.404385138677294975e-01,2.137343906180558598e-02,-1.479350971565594752e-01,4.194392720130856178e-01,9.434687432848147814e-01,2.366807314799485029e-01,5.751051917230406985e-02,5.017072950418345334e-01,-1.611204959685781368e-01,-1.295773249225193879e-01,2.939269621027015833e-01,9.310423512121481782e-01
1.396386336374146053e-01,2.563566506936703626e-01,1.175878453732388668e-01,2.742058139271846273e-01,2.489111311017875861e-01,6.682792357012392603e-01,3.361154182216918862e-01,2.186319309670876551e-02,-1.393668450266678516e-01,4.350568655829608611e-01,9.402060626864227055e-01,2.312391573169064740e-01,7.255777944646615851e-03,5.628438016865475735e-01,-1.694197599080973227e-01,-1.307722366759769550e-01,3.085350280126685218e-01,9.243644331532738789e-01
1.509721808146848587e-01,2.644516267231421525e-01,1.199182905857648224e-01,2.731527459628078081e-01,2.547371231464337082e-01,6.690671008878225079e-01,3.389927231767480009e-01,2.182617117608614404e-02,-1.250023700576369523e-01,4.490089998988671116e-01,9.362991707958119303e-01,2.090374171844273654e-01,-4.600437032893510414e-02,6.165162297142148251e-01,-1.781367806812798882e-01,-1.298051394682344650e-01,3.242108393489853690e-01,9.170883561556352204e-01
1.589439924154186223e-01,2.649665459851352489e-01,1.212094603141459226e-01,2.593140488234068619e-01,2.583514788872187107e-01,6.799234766437345368e-01,3.337636793554744630e-01,2.158734349206962305e-02,-1.072270858877263505e-01,4.594305877268828331e-01,9.315865580600704021e-01,1.796395370591506169e-01,-1.056367905416578101e-01,6.577796421666103344e-01,-1.870448753444804435e-01,-1.265466317708444088e-01,3.407021973299688700e-01,9.093251923883434173e-01
1.625130991421092908e-01,2.663022388075984015e-01,1.201955920304283720e-01,2.571033804128952660e-01,2.622455558060411973e-01,6.733217180793752421e-01,3.279967288051546248e-01,2.152588226436932470e-02,-8.637833072100119247e-02,4.670392133936588919e-01,9.283358265022789713e-01,1.537376509576154626e-01,-1.681259550797540858e-01,6.869922124820845299e-01,-1.962068625593631765e-01,-1.210724902833257705e-01,3.575370158432961132e-01,9.012458072094088335e-01
1.710066052582833729e-01,2.686307482334251429e-01,1.201215481891831360e-01,2.560846726624296243e-01,2.628991257903660617e-01,6.788863789196264431e-01,3.185087122722551345e-01,2.067074848998798342e-02,-5.851193363522470825e-02,4.722238132331268989e-01,9.236291389106368044e-01,1.199205121685256309e-01,-2.371075317788318426e-01,7.019941824855663315e-01,-2.055322822993981002e-01,-1.133357120895225195e-01,3.743756091530394681e-01,8.929896326174819876e-01
1.763263890810830015e-01,2.747875178303008648e-01,1.199761222134040767e-01,2.562654267454694823e-01,2.667077861210854217e-01,6.717104176256102344e-01,3.089309236311792439e-01,2.094490428126530995e-02,-2.497877810888307279e-02,4.753129858618050929e-01,9.179586772550094587e-01,8.874230953283970824e-02,-3.135929457295214551e-01,7.029922970767986667e-01,-2.150440981162419773e-01,-1.030506333287505710e-01,3.906644305934364736e-01,8.847283983457127077e-01
1.821439120589200544e-01,2.762023359340947670e-01,1.186106666704403179e-01,2.557790603372899763e-01,2.718134235402835386e-01,6.526296101047159848e-01,2.987903050073045796e-01,1.967236649986421962e-02,1.235693739571713280e-02,4.756725433562434269e-01,9.098191093007169661e-01,5.124853422817622628e-02,-3.899037674153782440e-01,6.868779496236148141e-01,-2.246140719126896446e-01,-9.018458133020539058e-02,4.059610676383945682e-01,8.766598617645393610e-01
1.862560069547424813e-01,2.758108230741771472e-01,1.157807884895150907e-01,2.519082128588580605e-01,2.719774814630426252e-01,6.353875579747452207e-01,2.888432650533521162e-01,1.892612072731411632e-02,5.349165779211623867e-02,4.734942628804622577e-01,9.006635766381629882e-01,9.928941096502781616e-03,-4.696201754472466017e-01,6.400813452850470098e-01,-2.340728598644241654e-01,-7.478140140956948678e-02,4.195655382751468099e-01,8.691201130040682177e-01
1.884451397382252147e-01,2.809077494532287722e-01,1.154275074169070769e-01,2.542635813251365451e-01,2.754706085617888434e-01,6.106890974527086069e-01,2.763119498559382103e-01,1.919979257191663582e-02,9.774384338026871621e-02,4.695845071702035023e-01,8.886057602670689448e-01,-3.630118913131525488e-02,-5.502567365738723071e-01,5.686070750623165582e-01,-2.435070435733600602e-01,-5.711364719303696491e-02,4.306203588804993210e-01,8.623809451490517253e-01
1.901321778465971946e-01,2.863100461840826783e-01,1.149203313017108791e-01,2.579050380797106024e-01,2.867102700841468454e-01,5.739619003550434639e-01,2.672035894894236319e-01,1.827835810308694325e-02,1.435657971451832216e-01,4.631543432886180423e-01,8.756380392670947144e-01,-7.917603632902921185e-02,-6.256933868901651818e-01,4.767592704426237837e-01,-2.527238754357709061e-01,-3.733775816399868136e-02,4.385681044518389138e-01,8.566961418954360807e-01
1.921874993744962234e-01,2.902055749429296450e-01,1.110869896905764403e-01,2.611997470417865008e-01,2.978942777389021468e-01,5.584264861737742169e-01,2.556798512689548164e-01,1.782780374884300814e-02,1.928767226368900412e-01,4.575563658958078928e-01,8.634159976520429103e-01,-1.108303053977345576e-01,-6.937935319472799955e-01,3.590849482634425049e-01,-2.618921453774184505e-01,-1.587322532124267258e-02,4.427822992860610540e-01,8.522033826616592922e-01
1.956123899920948206e-01,2.894469885301720335e-01,1.092194394725019835e-01,2.656958536240671132e-01,3.135901202428693080e-01,5.361985734266198067e-01,2.475454335854864185e-01,1.653856980716112562e-02,2.418676409710228126e-01,4.544599349656077703e-01,8.506076630283450069e-01,-1.412888767477779028e-01,-7.338399844547021100e-01,2.344673855800282758e-01,-2.709010323747375604e-01,6.647132087255668877e-03,4.429624429176189926e-01,8.490224805913298978e-01
1.938416291089814503e-01,2.814270242352950868e-01,1.054550602625273087e-01,2.660786554438382967e-01,3.205335451596414420e-01,5.147326347189464801e-01,2.392147755253843378e-01,1.398502517754984277e-02,2.909793828685846573e-01,4.518454157555006345e-01,8.393191278661701338e-01,-1.804953848840885056e-01,-7.579819459539967053e-01,1.145162765492497292e-01,-2.794223378960332127e-01,2.961736662831555497e-02,4.394232841614774676e-01,8.471338472192906366e-01
1.929143872800540838e-01,2.847655303714409225e-01,1.016720491055726205e-01,2.745244928125440409e-01,3.285876276950921437e-01,4.929814094464754493e-01,2.257325051119775938e-01,1.130347665245250502e-02,3.357060243705049518e-01,4.511491125714072736e-01,8.266808942543290017e-01,-2.276657203875755986e-01,-7.544420445686040866e-01,1.016368990407010356e-02,-2.873189114437504355e-01,5.250974736331248671e-02,4.327136661302304899e-01,8.464446907660498898e-01
1.905203030797912311e-01,2.845702578881568190e-01,9.853413886613368589e-02,2.783024225294132847e-01,3.387040489852264913e-01,4.724313398208715431e-01,2.246266869600470062e-01,8.884227225099754557e-03,3.775212969429329046e-01,4.513748111853975176e-01,8.136337763234213760e-01,-2.829094787987381787e-01,-7.222881996133969640e-01,-7.225941682359256213e-02,-2.939566649218734451e-01,7.463808746626254820e-02,4.237992888238415468e-01,8.467575245549333607e-01
1.818252331735605853e-01,2.834987999501374367e-01,9.356836203595432500e-02,2.767992841574673513e-01,3.445985194843576571e-01,4.506031670271063438e-01,2.172585988361331044e-01,6.364558862724861363e-03,4.110538599548645977e-01,4.498971789993828074e-01,7.998025643233457327e-01,-3.438995699500718151e-01,-6.767127039468876504e-01,-1.315137842806822221e-01,-2.987804021832273227e-01,9.542556799076773455e-02,4.135788216580732479e-01,8.477942991488649493e-01
1.775522260083653436e-01,2.881364609347986661e-01,8.693950245780583674e-02,2.735079628221150916e-01,3.528766693302433644e-01,4.148232955453731163e-01,2.154825145395968533e-01,4.467729870824659055e-03,4.385092001687379559e-01,4.480221671490945967e-01,7.864282303095428972e-01,-3.696859831477373182e-01,-6.508796175695142905e-01,-1.843639000273495920e-01,-3.024399041093331908e-01,1.147460026130172062e-01,4.025024043899636528e-01,8.493375659599606831e-01
1.674488712784506783e-01,2.853900635552773513e-01,8.254792835728323730e-02,2.698002053730926830e-01,3.483224891469861029e-01,3.746833064969795068e-01,2.115690797537820855e-01,2.999677632802140621e-03,4.595299820191520723e-01,4.465224144251083715e-01,7.739872052438135919e-01,-3.225431329611891940e-01,-6.670700250192593828e-01,-2.446789587092058071e-01,-3.071915542659371390e-01,1.325462538512158783e-01,3.901211408507000988e-01,8.512797725901546375e-01
1.578076856229752856e-01,2.831576175443995536e-01,8.065860053884252312e-02,2.616561087561281029e-01,3.561733140790184216e-01,3.786318274167176923e-01,2.132258711949788221e-01,1.921202467998057734e-03,4.617575399433607730e-01,4.372466013373343396e-01,7.612099776266382234e-01,-2.792146916021670533e-01,-6.504023410910950709e-01,-2.966345051781406617e-01,-3.141158719730636761e-01,1.483639896230110611e-01,3.759981175348644511e-01,8.533990086527234453e-01
1.535646831516179756e-01,2.975100240791065942e-01,8.557259507481766725e-02,2.757963046739329571e-01,3.629340491260514834e-01,4.040293489105109548e-01,2.319642864434481866e-01,2.400551649392917812e-03,4.775122512229387217e-01,4.494387703508844756e-01,7.511347638474392685e-01,-2.406085388478013676e-01,-4.944589502332155662e-01,-4.858422169410157032e-01,-3.199445198817111868e-01,1.595839066285427987e-01,3.595732470725274688e-01,8.563738044560039731e-01
1.528905454336138559e-01,3.091312775545487779e-01,8.754516172132494056e-02,2.866679247501013883e-01,3.714836930565030837e-01,4.339130560797513358e-01,2.515810649066895777e-01,3.294401157758697352e-03,4.824431561425462922e-01,4.710093068213309087e-01,7.354495248824278741e-01,-1.566994963691457077e-01,-4.075386233452650275e-01,-7.237772469097039085e-01,-3.263831622992924841e-01,1.646406100868453848e-01,3.373767525382382337e-01,8.609129407814746227e-01
1.445594034268370132e-01,3.194095790074056307e-01,8.756016406824392029e-02,2.835314663506868227e-01,3.765687627420219452e-01,4.831118009604918329e-01,2.646009242723196819e-01,3.567105109011603232e-03,4.802384593993215267e-01,4.934690099163095978e-01,7.285202663628610464e-01,-9.212818942519655774e-02,-3.408556143149814588e-01,-8.853744884664817016e-01,-3.341433437099901593e-01,1.658810905181954398e-01,3.105373186238347127e-01,8.667894447110018330e-01
1.404151260771400178e-01,3.280744022464608389e-01,8.939746761914303674e-02,2.788190356047681728e-01,3.777674986555152326e-01,5.241083756232910451e-01,2.725550718194230115e-01,5.340527698836400501e-03,4.648268139631048790e-01,5.221665565906441486e-01,7.143187328565664407e-01,-3.830813585874994626e-02,-2.393599448588038525e-01,-9.769026682369905679e-01,-3.425710868771458251e-01,1.630397599893403660e-01,2.813169534903341984e-01,8.733783692595020742e-01
1.365389551852853045e-01,3.398781036183047277e-01,9.082317452312008155e-02,2.774579355818776460e-01,3.733979441286962020e-01,5.630384979846708715e-01,2.813883085013106355e-01,6.981106926427083428e-03,4.422049594246029725e-01,5.505885840643516271e-01,7.048330709152682561e-01,1.914585690701908066e-02,-1.226064672288943030e-01,-1.015246759730478399e+00,-3.515340519669022945e-01,1.561394200878338245e-01,2.515826345696164368e-01,8.800436878529205309e-01
1.372476950905379411e-01,3.545107152777240977e-01,9.399883260319383260e-02,2.750817574085825945e-01,3.724307766990974100e-01,5.912598483259542403e-01,2.865771847485752977e-01,9.373013366653325240e-03,4.135648866480337027e-01,5.792826250284273115e-01,7.011824908831619796e-01,4.387676478877446801e-02,1.910471536342478113e-02,-1.012246020002524727e+00,-3.602305709425899782e-01,1.451852800389964449e-01,2.228626518051803063e-01,8.864907658794971557e-01
1.324244405560888183e-01,3.599234168620863428e-01,9.568151519149260820e-02,2.682167318531289979e-01,3.663804753706789152e-01,6.201376723316113226e-01,2.890975790309624482e-01,1.044568117135973896e-02,3.740871327990610840e-01,6.097349031278298526e-01,6.957733280823227284e-01,4.993822792378735387e-02,1.458811719037668708e-01,-9.683208533977570864e-01,-3.676728692841993440e-01,1.305066990000626759e-01,1.965605313197787973e-01,8.925550885274230462e-01
1.387377669022641091e-01,3.656855279456581731e-01,9.874005817626343995e-02,2.620539129228182107e-01,3.685601711940029168e-01,6.561326581102956412e-01,2.921498307089607782e-01,1.174507799321253439e-02,3.321067955872610278e-01,6.377440468102035798e-01,6.931648327687168765e-01,4.797484283074652384e-02,2.545171464007213724e-01,-8.944213064665071933e-01,-3.737763212937205148e-01,1.132518247323926613e-01,1.732945983314007898e-01,8.980612829744730741e-01
1.455234252030495889e-01,3.752282304528106183e-01,1.003036898825600404e-01,2.545396729031130789e-01,3.696185625718025891e-01,6.814038695219646335e-01,2.929761696561912210e-01,1.325910516534157917e-02,2.858788706991287620e-01,6.610226541959347557e-01,6.941137445962524133e-01,4.172962565858780865e-02,3.407677995916794655e-01,-8.162197024115993571e-01,-3.783640028706912184e-01,9.411905228152644964e-02,1.533805719240614318e-01,9.029291451073711006e-01
1.493778184945380727e-01,3.809755811628009470e-01,1.033373096135783986e-01,2.508899890550673195e-01,3.679980671312162999e-01,6.918922038316870360e-01,2.909552083422033975e-01,1.461076822807337236e-02,2.370322790000198021e-01,6.829751155797949558e-01,6.945704250777218203e-01,1.625436699230752013e-02,4.285218477601139275e-01,-7.171584714362542190e-01,-3.813913049977255554e-01,7.347346291042544664e-02,1.371556413255790585e-01,9.070837290395067365e-01
1.510822786832030640e-01,3.861054159157393251e-01,1.027882721110115194e-01,2.420579622398667252e-01,3.632897499320335566e-01,7.077508943917262263e-01,2.891222603113774992e-01,1.567787064601952607e-02,1.893782213033377015e-01,7.006706571853665855e-01,6.980168345193993318e-01,5.325928395544399924e-04,4.965713437740642555e-01,-6.078906803769591471e-01,-3.829840274968220326e-01,5.181624528056988366e-02,1.248070180897086490e-01,9.105214525168647821e-01
1.540154794791992743e-01,3.903895538544551180e-01,1.036458256187668958e-01,2.400897511134326701e-01,3.612600775778991857e-01,7.240047274117441534e-01,2.896543596803262122e-01,1.653227850038865854e-02,1.439208120291452231e-01,7.123842226842791447e-01,7.037437331725744372e-01,-2.033896167125278515e-02,5.522790681642478772e-01,-5.020262284365044625e-01,-3.831164503001650568e-01,2.967819120546205322e-02,1.163175217888934299e-01,9.132524454031237804e-01
1.596321645869920591e-01,3.998659556671592119e-01,1.063348753173237321e-01,2.335141256695128509e-01,3.595009314149811841e-01,7.407260529196242338e-01,2.922337954570394802e-01,1.827351863633888338e-02,9.974481391887216053e-02,7.203496407782470357e-01,7.107112088715831222e-01,-4.362507534560941536e-02,5.874034017124127871e-01,-3.980516945469577683e-01,-3.818698880358153414e-01,7.531458390139088126e-03,1.114610875165855525e-01,9.153060856460990546e-01
1.653318465495139944e-01,4.043932768099647856e-01,1.056408957856526248e-01,2.224796575372723628e-01,3.568430962769492676e-01,7.668315883986578374e-01,2.913254275484295497e-01,1.920318019864027115e-02,5.574879206062158254e-02,7.239475364040685035e-01,7.191736478030977819e-01,-9.637596736949065324e-02,6.192317444550652361e-01,-2.963003597841586401e-01,-3.788878935937562975e-01,-1.427540274029450579e-02,1.100558984388810002e-01,9.168854395569656646e-01
1.717690632444394960e-01,4.165722788281203126e-01,1.076625830196526190e-01,2.276424006640975495e-01,3.577212175183839271e-01,7.740375543865118946e-01,2.872295448662131601e-01,2.055677904807128725e-02,1.557937639043341198e-02,7.229790716010046081e-01,7.294702644668149549e-01,-1.640593382181777804e-01,6.440801996042329058e-01,-2.024806997536262032e-01,-3.737081611151704119e-01,-3.546386731550331406e-02,1.118767289163888623e-01,9.182827030876623553e-01
1.818772574411021969e-01,4.259562468259365797e-01,1.086549156763413349e-01,2.308185426908461180e-01,3.503040088069772628e-01,7.756812792674887547e-01,2.837855383549596766e-01,2.098966934868481612e-02,-1.902465017949196702e-02,7.168789382457614323e-01,7.399034063258247418e-01,-2.016231232924029226e-01,6.490164933810310677e-01,-1.161854477465028707e-01,-3.663206899787246895e-01,-5.559696117435511398e-02,1.165802889594816372e-01,9.196821077163676028e-01
1.834348398139637182e-01,4.280696419548122855e-01,1.104610046667155177e-01,2.404950564535823232e-01,3.547357504815087381e-01,7.708156793989943134e-01,2.812189271651286959e-01,2.079730054544962764e-02,-5.150866019061468848e-02,7.084650361196619395e-01,7.504722833609138721e-01,-2.109824787328421491e-01,6.340485775123729795e-01,-3.502389977997878712e-02,-3.580734411609950429e-01,-7.442017079725678219e-02,1.236057782354831880e-01,9.207636776746750407e-01
1.838556314477071685e-01,4.208455279666529214e-01,1.108476780598851297e-01,2.441478859550143266e-01,3.535048321141409100e-01,7.539750610357746075e-01,2.726506512876971655e-01,1.945096089614069268e-02,-8.015342370626273028e-02,6.995519406031791565e-01,7.597150637703332654e-01,-1.984180587555064990e-01,5.939741210971261065e-01,3.725505063363963865e-02,-3.498999631746980143e-01,-9.153341648365515004e-02,1.324177892167418269e-01,9.214068612070648312e-01
1.802591817338899949e-01,4.126680390291269096e-01,1.094824644902587796e-01,2.457899170226293672e-01,3.434394671981984559e-01,7.390046545973408820e-01,2.673620820254224983e-01,1.904904318271471650e-02,-1.035993670366039676e-01,6.905266129822116294e-01,7.675794581574045816e-01,-1.817807988259666496e-01,5.339945907182802598e-01,9.439616023173792725e-02,-3.422569254662142790e-01,-1.065096283651173620e-01,1.422977542969397213e-01,9.217201971795344617e-01
1.773213834444831438e-01,4.018912725012203091e-01,1.084521420195978386e-01,2.526167107907733578e-01,3.376137171268897008e-01,7.221139477532790840e-01,2.598621184326240785e-01,1.902291006227521675e-02,-1.204174441772396659e-01,6.818281558107335272e-01,7.738589258740593557e-01,-1.478027239986992869e-01,4.594907125416289873e-01,1.449561786274100039e-01,-3.358636909269682724e-01,-1.190519378748458590e-01,1.526668086344536157e-01,9.215659743351166666e-01
1.737559063178535368e-01,3.810372843638386020e-01,1.056498487991365254e-01,2.560553938886039327e-01,3.393295500624126659e-01,6.979388755600445249e-01,2.522723827316492584e-01,1.584434830215262005e-02,-1.331205087407695276e-01,6.749394845282479238e-01,7.779707783743119442e-01,-1.025413215452605775e-01,3.822028656272224434e-01,1.850136944070592537e-01,-3.309139601674907505e-01,-1.290711343915963150e-01,1.631766323916712114e-01,9.209238562876497225e-01
1.700842028961040975e-01,3.578376066936745925e-01,1.025542838937430756e-01,2.585883707845359480e-01,3.340688077339393214e-01,6.862169611762429788e-01,2.445120558278054690e-01,8.989485626869953699e-03,-1.393344542389239049e-01,6.728516612523860463e-01,7.801999163369471857e-01,-4.481126556470144823e-02,2.933257224641159233e-01,2.135277227995733551e-01,-3.278539934965603031e-01,-1.365283703510223323e-01,1.733345447364071645e-01,9.197177627635733099e-01
1.625786739165454575e-01,3.286241656690400137e-01,9.708834817515221705e-02,2.520812237951010615e-01,3.340630003738416787e-01,6.378205998823298639e-01,2.389084372802324774e-01,5.662836184256867661e-03,-1.424821376655847904e-01,6.721286949198448379e-01,7.790667325279170274e-01,1.476428251422849669e-03,2.085544362062660140e-01,2.458214144302753312e-01,-3.266327078931423045e-01,-1.413938301975531942e-01,1.830417195999882174e-01,9.179957669980640667e-01
1.519052300037098957e-01,3.040629040293106877e-01,9.327968784443284311e-02,2.491763338795809912e-01,3.238323676684531360e-01,6.040834673149506617e-01,2.268763130778804482e-01,4.032177863499692393e-03,-1.379118765168337590e-01,6.745970111992966034e-01,7.744697588545174094e-01,7.316919810063721163e-02,1.166604769977510614e-01,2.729055148874458547e-01,-3.274706644609396977e-01,-1.436390105926238225e-01,1.922224260417219055e-01,9.156406761968253205e-01
1.376404178171426462e-01,2.801646493340648747e-01,8.067432880577368737e-02,2.390023229351447009e-01,3.222834963357381066e-01,5.470617244359790021e-01,2.076062824071371882e-01,3.478784840859589812e-03,-1.286100915474234774e-01,6.791315239786472890e-01,7.648706304037137249e-01,1.482824205679179885e-01,2.565745693076915135e-02,2.884668715929069593e-01,-3.308475554056463652e-01,-1.434593764338023547e-01,2.005257516158006625e-01,9.123903484759977589e-01
1.277771006379314900e-01,2.554857886523578259e-01,7.791486486603266259e-02,2.298479876345236594e-01,3.216884838990647366e-01,5.148908852816078685e-01,2.076837138751060352e-01,4.026854450076828087e-03,-1.160771773719510291e-01,6.860769285158855313e-01,7.514192695166170832e-01,2.309594639659167392e-01,-6.136364945262449272e-02,2.901960264692660663e-01,-3.368879626701968832e-01,-1.411975976400513810e-01,2.075846260931976384e-01,9.082009551884450138e-01
1.183742587197978285e-01,2.357521370671508965e-01,7.663458393783467715e-02,2.381418657473404754e-01,3.170505809410660847e-01,4.914819006745904661e-01,2.023092440780533963e-01,7.583136589885126726e-03,-1.003706078881815289e-01,6.958761787086499284e-01,7.352556739179727519e-01,3.086115345456724168e-01,-1.414641604671249553e-01,2.823704900049275324e-01,-3.455783241913027992e-01,-1.371118616791154043e-01,2.131604932824321952e-01,9.030770892917909798e-01
1.138658114973096769e-01,2.185780794449903031e-01,7.958254510741244458e-02,2.571210444665256167e-01,3.155409092890103517e-01,5.142215870303518122e-01,2.170062206452220421e-01,1.355382869029812636e-02,-8.286906537566804398e-02,7.065362535866707150e-01,7.154243153693331525e-01,3.734483600230704137e-01,-2.056034812033342707e-01,2.564371427229967249e-01,-3.566189108239535832e-01,-1.317005992664601610e-01,2.170042515309893449e-01,8.972270153437911233e-01
1.062337304622893719e-01,1.988192626326935053e-01,9.112660908822312056e-02,2.867279341377771962e-01,3.122246646999055630e-01,5.519222428643881795e-01,2.271899105231544036e-01,2.002758335917145111e-02,-6.424500431350342600e-02,7.199299924473995249e-01,6.923529892746830283e-01,4.407720016607504787e-01,-2.585274097193913656e-01,2.199627442358770280e-01,-3.699150167982783177e-01,-1.254233859892280312e-01,2.188473899000518419e-01,8.906951519919212856e-01
9.761294637064135693e-02,1.831497952225032422e-01,1.010516294684719596e-01,3.120114861896537417e-01,3.179296700758503791e-01,6.052788156017201437e-01,2.403619711180107754e-01,2.467758498404019896e-02,-4.635437733845580721e-02,7.396302571828374806e-01,6.634892423083575963e-01,5.040881457978172442e-01,-3.041170802034414700e-01,1.731756473968794063e-01,-3.857012549838766402e-01,-1.187001783551571293e-01,2.183610188907053606e-01,8.832837443820702461e-01
8.806422477672284921e-02,1.641013213888232736e-01,1.082220253757304740e-01,3.314759121903407824e-01,3.190694552350262780e-01,6.352458220923755672e-01,2.511318716524744699e-01,3.181731077078105846e-02,-2.612681181031285133e-02,7.637666649615407755e-01,6.309165156084093340e-01,5.780673828618412280e-01,-3.543120754394905036e-01,1.381778932407202454e-01,-4.053613814464864795e-01,-1.108847914198490547e-01,2.147848166494305822e-01,8.752456079658537114e-01
7.932510504779043126e-02,1.465252001575474972e-01,1.157687431991193672e-01,3.509083069704816982e-01,3.201695407539193461e-01,6.680250124636455400e-01,2.625611228431192212e-01,3.930353525981918061e-02,-5.641450959278052069e-03,7.886867783348745498e-01,5.972118587466322959e-01,6.417653280989585873e-01,-3.961476779418832139e-01,1.032089348603286993e-01,-4.257369078729653644e-01,-1.026548293854038785e-01,2.103548690671601940e-01,8.670079747393475422e-01
7.162445303906772587e-02,1.306958043842751938e-01,1.235173735388450100e-01,3.698783814428475147e-01,3.211000919240789009e-01,7.028777328564534965e-01,2.743739088904102452e-01,4.699100683851632071e-02,1.466923359399662646e-02,8.138873060508629020e-01,5.629301189899050817e-01,6.926681871833411108e-01,-4.285282894723992930e-01,6.943552929820465125e-02,-4.464441912135411195e-01,-9.420691844098671996e-02,2.052394672573277234e-01,8.586877439944570201e-01
6.519113460577624641e-02,1.168875069246007592e-01,1.312935069951116918e-01,3.879558465202017081e-01,3.217312740370469326e-01,7.390653294117115468e-01,2.862944139948069289e-01,5.473447389423360954e-02,3.437277022886068428e-02,8.388649568575142768e-01,5.286261436050914142e-01,7.282621657891485967e-01,-4.503583117928097179e-01,3.802443359684501423e-02,-4.670995884184325764e-01,-8.573768477575971492e-02,1.996069023333620629e-01,8.504018150230665540e-01
6.025401560313758953e-02,1.053746806341190889e-01,1.389227341681234518e-01,4.047104131153077544e-01,3.219332523843653204e-01,7.758491482703295805e-01,2.980468223567688257e-01,6.238868481433216401e-02,5.303668732466262220e-02,8.631164395028371183e-01,4.948547798590543501e-01,7.460334695905399549e-01,-4.605421466648859097e-01,1.014240479874814471e-02,-4.873194564378581228e-01,-7.744375457888554026e-02,1.936254654086922156e-01,8.422670871170605533e-01
5.704196188637319920e-02,9.643169836842485632e-02,1.462306456580843017e-01,4.197117921409294072e-01,3.215761922575761655e-01,8.124905355732190415e-01,3.093553181767553228e-01,6.980838798617311491e-02,7.022851326075171818e-02,8.861384627348390941e-01,4.621708750186579451e-01,7.434683042616743176e-01,-4.579841958504003996e-01,-1.304380005358903027e-02,-5.067201522220369236e-01,-6.952175403952641497e-02,1.874634475967470737e-01,8.344004595683235381e-01
5.578383931070474144e-02,9.033293298311279029e-02,1.530428320651984198e-01,4.325296945098299761e-01,3.205302589482213471e-01,8.482508374612905966e-01,3.199440856552258072e-01,7.684833179711761386e-02,8.551577641647709060e-02,9.074277353015286485e-01,4.311292763507648673e-01,7.180528754767123711e-01,-4.415888611111243867e-01,-3.036742391766944493e-02,-5.249180327211871999e-01,-6.216830934684472454e-02,1.812891400109553908e-01,8.269188316687401397e-01
5.670851373135366025e-02,8.735275733377756424e-02,1.591848839896698453e-01,4.427338311347730482e-01,3.186656177478428553e-01,8.823914000754554676e-01,3.295373089926398325e-01,8.336326463452667368e-02,9.846600517118736517e-02,9.264809659509144479e-01,4.022848311222395612e-01,6.672733889098134696e-01,-4.102605442088295140e-01,-4.066170975099479834e-02,-5.415294548855282830e-01,-5.558004669000302100e-02,1.752708337647462533e-01,8.199391027101945451e-01
6.004485100354146898e-02,8.776554427601374053e-02,1.644823920317027566e-01,4.498939129285223215e-01,3.158524339479827359e-01,9.141735695566239883e-01,3.378591723894570631e-01,8.920793488576159169e-02,1.086467279042319656e-01,9.427948634310039377e-01,3.761923865999445837e-01,5.886160502351358570e-01,-3.629036469052876468e-01,-4.275990051106862144e-02,-5.561707756652787271e-01,-4.995359225816362048e-02,1.695768199715483870e-01,8.135781719845713855e-01
6.602171698248981979e-02,9.184566666541632562e-02,1.687609467915012762e-01,4.535796508038411612e-01,3.119608728401828679e-01,9.428586920457077136e-01,3.446338600461366086e-01,9.423709093818341542e-02,1.156254729949594273e-01,9.558661364898056734e-01,3.534067900507436577e-01,4.795670651268407192e-01,-2.984225709622704281e-01,-3.549523915539357088e-02,-5.684583520106573085e-01,-4.548557224048875580e-02,1.643753897447906009e-01,8.079529387837551813e-01
7.486797752342022605e-02,9.986749735757982638e-02,1.718461388692693603e-01,4.533607556734932653e-01,3.068610997159852416e-01,9.677081136836178654e-01,3.495855561631383002e-01,9.830548117915327566e-02,1.189697688227192574e-01,9.651914938753280993e-01,3.344828887415006169e-01,3.376126392590873548e-01,-2.157217181415495011e-01,-1.770096864147122084e-02,-5.780085408718824702e-01,-4.237261282614117330e-02,1.598348341979020093e-01,8.031803023996302304e-01
8.681249848155406235e-02,1.121054092080989717e-01,1.735635588652111594e-01,4.488069384502417769e-01,3.004232798669317916e-01,9.879831806112631121e-01,3.524384449409210807e-01,1.012678539960323032e-01,1.182471437668602965e-01,9.702676443355792157e-01,3.199755299390789620e-01,1.602389783060347295e-01,-1.137054902048973970e-01,1.178966807319477283e-02,-5.844376991991736547e-01,-4.081134020428300174e-02,1.561234444443114489e-01,7.993771621240811642e-01
1.020841457121131057e-01,1.288337750725683795e-01,1.737387973795306850e-01,4.394879100468507271e-01,2.925175785845646192e-01,1.002945238969557007e+00,3.529167105799448922e-01,1.029789577761816288e-01,1.130251262067315521e-01,9.705912966185670232e-01,3.104395609103418052e-01,-5.506771205815913506e-02,8.721711085915684336e-03,5.414342803110214208e-02,-5.873621839427489721e-01,-4.099838056407663356e-02,1.534095115974478118e-01,7.966604172489923918e-01
1.209117850703188557e-01,1.503269678065829451e-01,1.721974450124322265e-01,4.249733813760833145e-01,2.830141611604256591e-01,1.011855634899408996e+00,3.507445372806690109e-01,1.032935409069622584e-01,1.028712445216816707e-01,9.656591594723006322e-01,3.064298289221522031e-01,-3.108212261593316650e-01,1.526554839691172116e-01,1.105270682747482580e-01,-5.863983520528273097e-01,-4.313036009468465548e-02,1.518613267707401016e-01,7.951469670662483225e-01
1.435242824113927562e-01,1.768593602657373420e-01,1.687650923641197953e-01,4.048330633507036258e-01,2.717831928860567903e-01,1.013975714541731188e+00,3.456461092435527682e-01,1.020663517757355310e-01,8.735302709106021468e-02,9.549679416447871549e-01,3.085011812413748222e-01,-6.095353583233248385e-01,3.191914266829357638e-01,1.821073458466313799e-01,-5.811625604796277766e-01,-4.740390498526938362e-02,1.516471810776167939e-01,7.949537108677335873e-01
