-2.326198936297526471e-02,-9.218557871111001528e-03,-3.784799268747713035e-03,4.738038108114329267e-02,3.520765969446511962e-02,3.085600656865195024e-01,1.226216665292720193e-01,-1.301926332836371956e-02,-4.617152797244252760e-01,6.258430895526514437e-01,6.007771606340036596e-01,9.689346514689638201e-02,-4.528777686735633440e-02,-2.250053745653549098e-02,-3.134098538176116611e-01,-2.955300427018017206e-01,1.198260312784606013e-01,8.864790170929968127e-01
-2.789093396984297299e-02,-2.119041114107722557e-02,-8.125160424095442119e-03,4.446787078471062943e-02,4.939122933299978230e-02,2.628432459623746831e-01,9.703195593303018396e-02,-1.600380339385086559e-02,-5.121833415654100108e-01,6.410018028586986771e-01,5.760371701890535379e-01,6.716758137067446732e-02,2.297758768696889914e-02,-3.045469208685003260e-02,-3.177186306273109828e-01,-3.251141022753264442e-01,1.135935741117211073e-01,8.792567408050284694e-01
-3.078020592980637571e-02,-2.900574783643462828e-02,-1.086080956147525770e-02,4.322107647550712389e-02,6.202393135878578323e-02,2.254032043087985937e-01,7.786536530559459712e-02,-1.820605433480917967e-02,-5.522093480539542742e-01,6.530661750096338203e-01,5.573706172754718802e-01,3.832023885486177117e-02,6.594697984999478568e-02,-3.217796324455814150e-02,-3.208709305440357040e-01,-3.483984331399354595e-01,1.087666016428045224e-01,8.736947607004853511e-01
-3.205532713242743859e-02,-3.296355982064293200e-02,-1.211878090380789572e-02,4.350810311327538149e-02,7.321416982697956377e-02,1.957651854793755475e-01,6.462856083004106522e-02,-1.968315566396432181e-02,-5.824310665250078678e-01,6.622581367796513963e-01,5.443561762238241508e-01,1.050778004091841578e-02,8.601660092213025965e-02,-2.832090412985639738e-02,-3.229595581774770685e-01,-3.657848321006045844e-01,1.052476190381437110e-01,8.696798738212662139e-01
-3.184181946726813428e-02,-3.336283895716185555e-02,-1.202610867401408649e-02,4.519705565775803541e-02,8.307034879273758610e-02,1.734544342276899132e-01,5.682820868944545023e-02,-2.049224689404195027e-02,-6.034862643135211480e-01,6.687996189429461502e-01,5.365725213646761471e-01,-1.611345262969540726e-02,8.558265220378430405e-02,-1.953406794294140075e-02,-3.240773181373261536e-01,-3.776750959623094150e-01,1.029391314641715516e-01,8.670988772092697028e-01
-3.026520482389042158e-02,-3.050257710945110737e-02,-1.070982709501456381e-02,4.815603906869769107e-02,9.170087231121623605e-02,1.579961953073260594e-01,5.397097506688353086e-02,-2.069046753776772676e-02,-6.160127087544442492e-01,6.729125522737127163e-01,5.335983270285932223e-01,-4.138711671551957572e-02,6.704133499536582552e-02,-6.468007884009710495e-03,-3.243170150332740920e-01,-3.844710215300256584e-01,1.017436440873209086e-01,8.658385679063944629e-01
-2.745100509185626272e-02,-2.468176614097042365e-02,-8.296970389730066661e-03,5.225315830583696086e-02,9.921414443757201052e-02,1.489157134718682718e-01,5.556352614543115520e-02,-2.033495710786730609e-02,-6.206481671827270841e-01,6.748188675461457287e-01,5.350122675461412847e-01,-6.515686977509389799e-02,3.278885059728377932e-02,1.022672284674204513e-02,-3.237714534750120721e-01,-3.865744056087290215e-01,1.015636620740246743e-01,8.657857429545391392e-01
-2.352474216072764079e-02,-1.619939791517951977e-02,-4.914572781081321881e-03,5.735651832891847796e-02,1.057185692269612953e-01,1.457382334749009745e-01,6.111252810816415054e-02,-1.948285511706635692e-02,-6.180304069333200090e-01,6.747404955344398214e-01,5.403930172478856875e-01,-8.726636936695823799e-02,-1.477859969005274748e-02,2.989957104911728641e-02,-3.225334380722311156e-01,-3.843870450033951558e-01,1.023016905907156854e-01,8.668271993956024879e-01
-1.861193792006650416e-02,-5.354464295538107627e-03,-6.896684919890610881e-04,6.333422409768484085e-02,1.113225507345405318e-01,1.479890000700084807e-01,7.012464713815831641e-02,-1.819130107809052710e-02,-6.087971953411729364e-01,6.728993670127897397e-01,5.493192504643921170e-01,-1.075592730496524180e-01,-7.326481456623504251e-02,5.189998352291945449e-02,-3.206957734346224664e-01,-3.783107365189997684e-01,1.038602348038268341e-01,8.688497342714830429e-01
-1.283811425943483242e-02,7.554042854494086995e-03,4.250708254625966756e-03,7.005438057187868273e-02,1.161344930154661892e-01,1.551932580107751314e-01,8.210654941848949395e-02,-1.651743450366548183e-02,-5.935862997412361119e-01,6.695174127553902288e-01,5.613696415262261485e-01,-1.258792383817162741e-01,-1.402735927308539909e-01,7.557740706795193497e-02,-3.183512641718772018e-01,-3.687472769605185663e-01,1.061417998797909851e-01,8.717401446240795604e-01
-6.328793068394594767e-03,2.222713167145732097e-02,9.779523235843051721e-03,7.738509271124260902e-02,1.202628001248947087e-01,1.668762520507852676e-01,9.656490113223349658e-02,-1.451839490651688630e-02,-5.730354874684596700e-01,6.648165635364357007e-01,5.761228647639535794e-01,-1.420699229216897397e-01,-2.134087328835007069e-01,1.002812884840181828e-01,-3.155927148936865101e-01,-3.560984631329271455e-01,1.090488909850410165e-01,8.753852274952907964e-01
7.905037634922534862e-04,3.836581029189192749e-02,1.576974222874142489e-02,8.519446547551923210e-02,1.238158761179825040e-01,1.825632269436232025e-01,1.130063684624661169e-01,-1.225132179937038143e-02,-5.477825258577935230e-01,6.590187501301210116e-01,5.931575945081396517e-01,-1.559749842281124566e-01,-2.902740337237661450e-01,1.253610745709214935e-01,-3.125129302097414685e-01,-3.407660918412012685e-01,1.124840132860097652e-01,8.796717799270151739e-01
8.394254346663750088e-03,5.567108685233812526e-02,2.209433101040040107e-02,9.335060382445117821e-02,1.269021250498859887e-01,2.017794274428733881e-01,1.309376175922633001e-01,-9.773354694951651503e-03,-5.184651822441880276e-01,6.523459033106407956e-01,6.120525050893502739e-01,-1.674380798595244690e-01,-3.684732939512413430e-01,1.501662121284654816e-01,-3.092047147297332654e-01,-3.231519598903165869e-01,1.163496719491301512e-01,8.844865989611515600e-01
1.635693679155792585e-02,7.384396948933626137e-02,2.862625535789921696e-02,1.017216127177810459e-01,1.296299509757616597e-01,2.240500983021201098e-01,1.498653147047007417e-01,-7.141633105986344363e-03,-4.857212239625932071e-01,6.450199538521896869e-01,6.323862708381509101e-01,-1.763028673744655439e-01,-4.456103122655174498e-01,1.740461479564532898e-01,-3.057608730633529781e-01,-3.036578640852488076e-01,1.205483721408350251e-01,8.897164816395984888e-01
2.455302920861279770e-02,9.258546633942654758e-02,3.523848104831714401e-02,1.101755971152514890e-01,1.321077579507659305e-01,2.489004842749476532e-01,1.692961259828543175e-01,-4.413296545200120005e-03,-4.501884183479591961e-01,6.372628325289624307e-01,6.537375660851071357e-01,-1.824130043314755034e-01,-5.192888873661857252e-01,1.963503288546885883e-01,-3.022742098202917949e-01,-2.826856012309736377e-01,1.249826190275572374e-01,8.952482250042547163e-01
3.285700970826556377e-02,1.115965855391466421e-01,4.180397385873244748e-02,1.185806619766023723e-01,1.344439500300522172e-01,2.758558301149339753e-01,1.887367176097954902e-01,-1.645484525318552989e-03,-4.125045327352265812e-01,6.292964701151385620e-01,6.756850651607690939e-01,-1.856121482890900898e-01,-5.871128179528246616e-01,2.164282016229693295e-01,-2.988375296102340206e-01,-2.606369681324606224e-01,1.295549177757266412e-01,9.009686260969980154e-01
3.687473500250090797e-02,1.229507004500961370e-01,4.503093028633559786e-02,1.264590718690986881e-01,1.434843158887565695e-01,2.976010060539699964e-01,2.006437415967103344e-01,1.376169980023527611e-04,-3.775590697365672765e-01,6.228381124228796750e-01,6.941723047704357885e-01,-1.751466384895763451e-01,-6.388894505662130463e-01,2.089060408267313096e-01,-2.969009185942967921e-01,-2.403317452556146816e-01,1.323804866101336575e-01,9.058282602195568689e-01
4.488235865717030842e-02,1.399512631893389536e-01,5.073085422219490714e-02,1.314451744596198957e-01,1.462403922017739555e-01,3.224538455652696811e-01,2.042631787775807117e-01,2.764237575509265361e-03,-3.403581018840299288e-01,6.166691980198814038e-01,7.124467329545288719e-01,-1.557095063684550418e-01,-6.809627291183528719e-01,1.860823373587388585e-01,-2.955508736035424300e-01,-2.190485878708000322e-01,1.342000370847252766e-01,9.108533998716126234e-01
5.253379755918283905e-02,1.559536859117953700e-01,5.476648554339806629e-02,1.372547123173226413e-01,1.503326452839293670e-01,3.505350933441968020e-01,2.059632834461725126e-01,3.107597741283774952e-03,-3.004869678430509561e-01,6.131451691905004386e-01,7.292357768890770364e-01,-1.362687441111342657e-01,-6.960283129371402921e-01,1.507726940007712013e-01,-2.949093296515227225e-01,-1.972368434070811694e-01,1.346741679570470918e-01,9.161081584065665639e-01
5.999528739133420940e-02,1.731163707870980450e-01,5.859014822103641301e-02,1.398922216950126973e-01,1.525203262273876759e-01,3.924308409287847188e-01,2.243709211424123051e-01,5.131220761983020656e-03,-2.616737189048377044e-01,6.112619115146737947e-01,7.438139026790959729e-01,-1.308505065379460819e-01,-6.712170234681104075e-01,1.268934852168685790e-01,-2.946407137879972771e-01,-1.759651804011549969e-01,1.343314942734850637e-01,9.215075173458799895e-01
6.472876981760691817e-02,1.902514707019367923e-01,6.308020546988193922e-02,1.440531952049904363e-01,1.554629639835425903e-01,4.325843804840728279e-01,2.359653155774027455e-01,6.613065480237495172e-03,-2.263901770591008056e-01,6.091780877110789527e-01,7.585034211781854774e-01,-1.110726602049579154e-01,-6.290170358762453562e-01,1.124752756869910608e-01,-2.947300087234839827e-01,-1.559857069838787857e-01,1.337806510497675239e-01,9.268338998685661245e-01
7.337980057643024578e-02,2.049227980953406414e-01,6.634321592475810048e-02,1.518989386969374078e-01,1.603193688652158888e-01,4.671294620250399099e-01,2.462191777231819145e-01,8.822282050724654379e-03,-1.917080867156644441e-01,6.086076938391000724e-01,7.720164529401175590e-01,-9.091261238925157917e-02,-5.585242853364066340e-01,1.092928562854343089e-01,-2.951325307307107737e-01,-1.379841434404600886e-01,1.334878984566784110e-01,9.318904205499362048e-01
7.899479187086118348e-02,2.187322164609158959e-01,6.909687250440146866e-02,1.573220451348079640e-01,1.668797499888793889e-01,4.989228227730627685e-01,2.498671677578658823e-01,1.022040399423777661e-02,-1.608197180105382096e-01,6.099015971818293469e-01,7.835239221767690276e-01,-7.180962566211228360e-02,-4.503325703648187739e-01,1.210621035714521398e-01,-2.954544681165495179e-01,-1.228075177681927227e-01,1.341313647212314109e-01,9.363952821624099698e-01
8.819897367898719975e-02,2.341159133596335262e-01,7.242327997367714598e-02,1.614699520845659653e-01,1.717201846302841284e-01,5.264501935826750856e-01,2.628200005090353675e-01,1.263505592817987244e-02,-1.360496037263594360e-01,6.115738703515127828e-01,7.945481465359052198e-01,-5.962204839500983428e-02,-3.235270727348807385e-01,1.576811889156660151e-01,-2.951283005946195304e-01,-1.109531604313712810e-01,1.366086666801066551e-01,9.399895888360774165e-01
9.449366807818247727e-02,2.459902709459989290e-01,7.515975644636491149e-02,1.660013867741074178e-01,1.743347065409208974e-01,5.466765028828339812e-01,2.779943904708995772e-01,1.481789740489013185e-02,-1.179805311615150371e-01,6.122732842362584860e-01,8.052413034684815507e-01,-4.961013275680428020e-02,-2.007257881966135193e-01,2.091795110870930952e-01,-2.941347152054799019e-01,-1.022732149021826908e-01,1.414416408256135849e-01,9.424109542103578097e-01
9.890532596570952850e-02,2.539427246797404947e-01,7.567153005497173623e-02,1.678444976851041770e-01,1.772178188560747381e-01,5.618371003644662132e-01,2.874804712170998533e-01,1.612019790679176251e-02,-1.041305562051244443e-01,6.118395636881746036e-01,8.152735599529590260e-01,-4.406726050743348805e-02,-8.418216701176042815e-02,2.682990449139158184e-01,-2.924990996941029819e-01,-9.646895733891751312e-02,1.488665610087716862e-01,9.435089956426998548e-01
1.040475013588554737e-01,2.614267180322702999e-01,7.704835834479341339e-02,1.701623602840851845e-01,1.744450463827765530e-01,5.665270275900063934e-01,2.928200968535664694e-01,1.803590081900937475e-02,-9.346579058802488571e-02,6.117218014491970779e-01,8.240965932791293191e-01,-4.123056836297146061e-02,2.398828573351605847e-02,3.330769238939790267e-01,-2.903604119694353503e-01,-9.329872168205263772e-02,1.589234719122005202e-01,9.431674986966837038e-01
1.042132530949763519e-01,2.651792405487122251e-01,7.628614233197472672e-02,1.734464224193153770e-01,1.766588604466743373e-01,5.646393935849276513e-01,2.944952782684057691e-01,1.921455294549820336e-02,-8.571209764321266467e-02,6.102900891299535280e-01,8.311646482992273155e-01,-4.403113200906708796e-02,1.230908311160841401e-01,4.050822311836070333e-01,-2.878447061424002640e-01,-9.242889760138028876e-02,1.717090573252635088e-01,9.412087610367634305e-01
1.050020861749093454e-01,2.658023218925243403e-01,7.541140871726376149e-02,1.773939754457039275e-01,1.836310801905973733e-01,5.616711066550079678e-01,2.922183091634458219e-01,2.080746342562054055e-02,-7.965526721609682281e-02,6.076600164165851803e-01,8.368938182576405316e-01,-5.323577450195645516e-02,2.237019573849849119e-01,4.796142861317116424e-01,-2.848887642725180247e-01,-9.367509677209702457e-02,1.872864001233044695e-01,9.374853542624973501e-01
1.054320727954740355e-01,2.652656250301650420e-01,7.525533591463898220e-02,1.798768638607936288e-01,1.853996633136741068e-01,5.486960123567974357e-01,2.851834183251354404e-01,2.028552693684279595e-02,-7.560740627211877396e-02,6.041247298134150290e-01,8.405308692107196222e-01,-6.336264445314594707e-02,3.188308865381349611e-01,5.500569062192715020e-01,-2.815596930426472189e-01,-9.692050470455292055e-02,2.056067872439550637e-01,9.319063063209624964e-01
1.049222349735664250e-01,2.644671130167359774e-01,7.569451752202498163e-02,1.817175550384163563e-01,1.913964885345266209e-01,5.280387485427241456e-01,2.727070310753119675e-01,2.060977120896249210e-02,-7.427503886894355756e-02,5.993601733144010568e-01,8.418793332553652364e-01,-6.556250699003952909e-02,4.046137707502440728e-01,6.071554913647472240e-01,-2.780999149127099113e-01,-1.021591021396500154e-01,2.262658179636503342e-01,9.245050968497993127e-01
1.085936964219784556e-01,2.660094510693410963e-01,7.465959755795339992e-02,1.801829601326081221e-01,2.018337664700570466e-01,5.061737958016737648e-01,2.589757700977177723e-01,1.996902581151999492e-02,-7.444597927621428302e-02,5.946466224308436521e-01,8.472847928411421092e-01,-6.893887938282640404e-02,4.451030998740045375e-01,6.466223321256501233e-01,-2.746247204536335640e-01,-1.086732342564272896e-01,2.485910803765783994e-01,9.157021971523949810e-01
1.102734753302283821e-01,2.676493043769195834e-01,7.504941660450924201e-02,1.858134377206328014e-01,2.014688706772537197e-01,4.832736811232143381e-01,2.513265089557418785e-01,1.941877844226613109e-02,-7.519896633885964077e-02,5.867545773713080948e-01,8.576198241891044294e-01,-1.132045873358323573e-01,4.273283972686230392e-01,6.869595412562891079e-01,-2.706175819493216173e-01,-1.147182789322449409e-01,2.723632792977243033e-01,9.064022009315972905e-01
1.113340444680646496e-01,2.702725373277028442e-01,7.546101325143134142e-02,1.905716014273206027e-01,1.993334559746744172e-01,4.528527931449398691e-01,2.499131426919724008e-01,1.840950765195923516e-02,-7.090150869968997460e-02,5.784267379632538342e-01,8.653498659337193200e-01,-1.590675552166158357e-01,3.673279503907230792e-01,7.349008485430972293e-01,-2.660908138196150241e-01,-1.184470952532425819e-01,2.971927440373018925e-01,8.972419375577564971e-01
1.098284863627447122e-01,2.735987028236411822e-01,7.602626296760417457e-02,1.899165796029713693e-01,1.934803629162391014e-01,4.113633187938511293e-01,2.421017594139366624e-01,1.649404671307902123e-02,-6.246405412579493499e-02,5.659174256117777135e-01,8.741835645192688187e-01,-2.344248611274055150e-01,2.735048330876196365e-01,7.769696326408949139e-01,-2.610441539802828004e-01,-1.189307003625548892e-01,3.228829249092524667e-01,8.884628809583137166e-01
1.077584044612641401e-01,2.703511786623587487e-01,7.553384722598956158e-02,1.901687158205450090e-01,1.938815547096529035e-01,3.680725949191364088e-01,2.361448597937556015e-01,1.524933586547924658e-02,-4.842615334904838698e-02,5.492865336484855643e-01,8.794441543318129995e-01,-3.156310079100947963e-01,1.653580626594541858e-01,8.012080520449189613e-01,-2.554848781389926771e-01,-1.155695290695983729e-01,3.488378246911262859e-01,8.802599445842066439e-01
1.075950724585172658e-01,2.616974861968239807e-01,7.635341091977268513e-02,1.886687231019853195e-01,1.976243982925987019e-01,3.214307822947307658e-01,2.227985783959692268e-01,1.401333605802596895e-02,-3.026316725022687795e-02,5.322951460429393711e-01,8.801639605875011263e-01,-3.809458013204261029e-01,4.654093903194628928e-02,8.065554155304028860e-01,-2.497953903958766153e-01,-1.084880074574407494e-01,3.743188726895279594e-01,8.726524494801904952e-01
1.085131193006233091e-01,2.584656903024727947e-01,7.523936567437039535e-02,1.876560646849547986e-01,1.959780117049103598e-01,2.771065902959688465e-01,2.179888743684146035e-01,1.344106911506845123e-02,-4.750879291384315500e-03,5.096946713993965039e-01,8.812171055749871140e-01,-3.930697647722231070e-01,-1.048779192123349968e-01,7.837246246536399008e-01,-2.453455855396018681e-01,-9.748823334723429046e-02,3.981861436465121695e-01,8.654534569165976965e-01
1.117862926356704145e-01,2.653854018321793462e-01,7.807577713540549136e-02,1.916653209123810597e-01,1.984471076397680833e-01,2.684502361237225965e-01,2.146924715929768579e-01,1.277080297046281898e-02,3.310264443131175072e-02,4.861632084892191785e-01,8.862284443257454347e-01,-4.050397067309845500e-01,-2.263464251745021250e-01,7.329962370837627139e-01,-2.420991518155015676e-01,-8.264852004809976338e-02,4.197270659341253984e-01,8.588102208714751828e-01
1.115886004190123348e-01,2.753094543190786059e-01,8.136758241743259623e-02,1.895693478637983931e-01,1.981531100348237207e-01,2.352655286856339401e-01,2.091566055798766421e-01,1.225177016173390789e-02,7.326549306678964424e-02,4.662476141419650277e-01,8.858426186924660550e-01,-4.208983888775470472e-01,-3.316312653684376777e-01,6.593947070481284145e-01,-2.398692117706199278e-01,-6.516606452717807474e-02,4.382836151348442622e-01,8.528668204116907070e-01
1.098897056171076053e-01,2.769572927467913170e-01,8.182999346520926365e-02,1.848910353584535260e-01,1.964334055259023271e-01,2.236244333965247411e-01,2.057609937361037644e-01,1.044350341132311427e-02,1.157437892639521793e-01,4.458188035632922319e-01,8.825409802716197571e-01,-4.398852112463024211e-01,-4.332482850918555339e-01,5.801858266296752165e-01,-2.383480336156542367e-01,-4.523844794465325947e-02,4.536076740946313746e-01,8.478455023259455769e-01
1.102146758092394929e-01,2.752235537843006341e-01,8.194009133372751053e-02,1.826481844940673893e-01,1.972950725803935546e-01,2.090777222718832595e-01,1.982264279560567999e-01,9.074902214973128850e-03,1.603812079709741045e-01,4.263814670972698728e-01,8.777440329848618106e-01,-4.426302856676344044e-01,-5.368907479509625880e-01,4.736236970844034389e-01,-2.378183930671752266e-01,-2.315976723696975409e-02,4.650655181184838449e-01,8.438747812353005751e-01
1.094381833695140666e-01,2.756634613116987764e-01,8.029297882602695613e-02,1.827856253497120997e-01,2.002040760426494759e-01,2.130789933791752411e-01,1.943546125842753047e-01,7.698799845163657035e-03,2.076230237669332013e-01,4.075413357802766257e-01,8.731005963064818465e-01,-4.420639844205133118e-01,-6.310428247391917100e-01,3.575281384247450123e-01,-2.384857033159233919e-01,7.023546612933259572e-04,4.721931286842026010e-01,8.410618697886487194e-01
1.078997168903073484e-01,2.777153952128741388e-01,8.070602731297346621e-02,1.764314055095157763e-01,1.969197719340818886e-01,2.080043285471646075e-01,1.783323480481518175e-01,6.492562758210919729e-03,2.545978624450088157e-01,3.902420875625604579e-01,8.659140877805946435e-01,-4.280482014178940142e-01,-7.223896705633541249e-01,2.220315761423317102e-01,-2.404762700873856185e-01,2.593267017223036680e-02,4.746676170471894607e-01,8.395121201218367357e-01
1.049413508672212558e-01,2.872201079060544560e-01,7.753835435303398083e-02,1.714605472392509711e-01,1.990943863173204598e-01,2.025352471751875605e-01,1.734149658854529930e-01,3.771814552454335820e-03,3.030223370032288921e-01,3.780699652865469051e-01,8.569013510908386477e-01,-3.995040947540126619e-01,-8.082378972270540807e-01,6.473725602735461160e-02,-2.439429287544055414e-01,5.213656076328689049e-02,4.719007366227905287e-01,8.393206442296787806e-01
1.019178940163738140e-01,2.924053545532580567e-01,7.818151948385050620e-02,1.711575966208227217e-01,2.083895501003099338e-01,2.065111110820522233e-01,1.654615442583617924e-01,2.573078638961083173e-03,3.505000722867499530e-01,3.710415593557148672e-01,8.453629229762671393e-01,-3.649643859975948978e-01,-8.821123789321646536e-01,-1.061650617904986160e-01,-2.490480621778260184e-01,7.872652379384048604e-02,4.633650334334184495e-01,8.405448631245259206e-01
1.003687807103213619e-01,3.036934107430965812e-01,7.713329098622176416e-02,1.659089529592195356e-01,2.216896145906523674e-01,2.361707509408575989e-01,1.642388529844656941e-01,1.037999786478001818e-03,3.959723931735928404e-01,3.682798003147350618e-01,8.312559942707613558e-01,-3.210710263004799558e-01,-9.296123653752915716e-01,-2.864900031368394773e-01,-2.558203756009537755e-01,1.049527271531867229e-01,4.489678374878976475e-01,8.431959638880910379e-01
1.037336619402441096e-01,3.213683531736808985e-01,8.016691071724012241e-02,1.594850447978511665e-01,2.270449684940501756e-01,2.616626420362379024e-01,1.580886166676998550e-01,1.447176700026061745e-03,4.376236380068662668e-01,3.727878968266420956e-01,8.154838038160898694e-01,-2.786916062621827006e-01,-9.179231539492910263e-01,-4.614577277708692971e-01,-2.640186535404779322e-01,1.295200008180731610e-01,4.290818397634643122e-01,8.472632099890214930e-01
1.042381763487288254e-01,3.318329740963378849e-01,8.066150421889134448e-02,1.577358195417666586e-01,2.425924813421893866e-01,3.035131406067315130e-01,1.675013794926670518e-01,2.820750804317926404e-04,4.726600025912521263e-01,3.837088261736435468e-01,7.989403571044662034e-01,-2.390031543294820759e-01,-8.602242134218703873e-01,-6.168183953369158479e-01,-2.733047138821774191e-01,1.511937435973942367e-01,4.047322381260627377e-01,8.525664990149185440e-01
1.049786147611812687e-01,3.452888694159677030e-01,8.108036006593552503e-02,1.537287410743770066e-01,2.542880206322141734e-01,3.591411170622632043e-01,1.870615361949561906e-01,1.403379525956162041e-03,4.959741114653793970e-01,3.976649599618169439e-01,7.825151663938284541e-01,-1.978801071434670433e-01,-7.702818845796549629e-01,-7.432875003457006802e-01,-2.831552105667052288e-01,1.688258757742690241e-01,3.772703633559429393e-01,8.587631168100722245e-01
1.071239503705940926e-01,3.569459349453454888e-01,8.270061353318436392e-02,1.528063387121977312e-01,2.661575387518315683e-01,4.041387208590170310e-01,1.942464505024562582e-01,1.226980962989551727e-03,5.096369012444265101e-01,4.159130706308679648e-01,7.674705836345760979e-01,-1.388729346752000382e-01,-6.799665160270345066e-01,-8.487738995305224021e-01,-2.935780140465152344e-01,1.822609490329746285e-01,3.473307608053792239e-01,8.654605816466591772e-01
1.103407439180263405e-01,3.684394264986389222e-01,8.320706372836833564e-02,1.534828961635758271e-01,2.793506510270420407e-01,4.652502970867699039e-01,2.065089333220156975e-01,2.685838214190766973e-03,5.164060821209053298e-01,4.387719803095508908e-01,7.516468938024398749e-01,-8.991951084324703580e-02,-5.665003860212098896e-01,-9.272844108896443061e-01,-3.042097441607664599e-01,1.914104156136265389e-01,3.156665544628357023e-01,8.723675252063736174e-01
1.106286921895356240e-01,3.795498742588239161e-01,8.518108221490000576e-02,1.516651924530063311e-01,2.871663898251510250e-01,5.194709566119672939e-01,2.218735143270784693e-01,5.086697667900908458e-03,5.127883866385511968e-01,4.631337534128722178e-01,7.365051386799554844e-01,-3.378550474506560042e-02,-4.532757465044660594e-01,-9.933744976740104260e-01,-3.147035898096966489e-01,1.961865187482604855e-01,2.830200379950335021e-01,8.791194953949809099e-01
1.157529615557137681e-01,3.912722725893004183e-01,8.726471462327516082e-02,1.488164403517636680e-01,2.950251998773177342e-01,5.730506287663846843e-01,2.456657847005417894e-01,8.150806039432004560e-03,4.992352614015457823e-01,4.901863813327825836e-01,7.221639199015152943e-01,1.721808172145901372e-02,-3.395160940573679897e-01,-1.037521275450575819e+00,-3.250322912990666335e-01,1.967257814156034013e-01,2.499566093234482644e-01,8.854498305624025623e-01
1.153689498692555965e-01,4.018661072741305240e-01,8.865606131334098639e-02,1.483482219438893579e-01,3.040108797617690484e-01,6.282178879875014443e-01,2.638822634602334682e-01,1.055335930650396457e-02,4.774950189288493241e-01,5.206310554972575222e-01,7.084682949489166104e-01,6.179857434204966138e-02,-2.198738923308036497e-01,-1.056205067878487558e+00,-3.352809270791614060e-01,1.931761651245608724e-01,2.171701183847086214e-01,8.913115472768826653e-01
1.179897630866648395e-01,4.070121542406748283e-01,9.140729815961033677e-02,1.454082458944458978e-01,3.125895604927089733e-01,6.741499928133047881e-01,2.760152905442824212e-01,1.288041689230626577e-02,4.490436126156485130e-01,5.533826351406737620e-01,6.968531362182566191e-01,9.047440309088418398e-02,-8.929149728073455805e-02,-1.044806958802960928e+00,-3.451655417935917125e-01,1.856338468301728939e-01,1.856440033260779443e-01,8.966399315334867559e-01
1.197072898355495962e-01,4.128221760450523914e-01,9.399520300313279897e-02,1.458471855284944885e-01,3.170832473416155262e-01,7.161047818922189334e-01,2.893441498617758123e-01,1.607398099934783525e-02,4.148543461326883453e-01,5.859842592621716806e-01,6.883312483409436133e-01,1.095243206840594008e-01,3.865766611567278410e-02,-1.005483076262866815e+00,-3.545284865668941743e-01,1.744243174760425341e-01,1.562673825021829166e-01,9.013015579719945158e-01
1.193590902030270129e-01,4.199320786179575604e-01,9.598615962328264917e-02,1.452408003449631724e-01,3.227129990096280765e-01,7.622435319481641880e-01,2.997269837963906780e-01,1.907759603652824099e-02,3.761139764668989249e-01,6.160328375435947246e-01,6.828923610672053002e-01,1.066041354070089570e-01,1.689565648149242427e-01,-9.394557389756632571e-01,-3.630648879523484251e-01,1.599557747784312589e-01,1.299239823731811461e-01,9.051731918403794763e-01
1.217698705635706924e-01,4.263535670459519533e-01,9.820989459401398280e-02,1.455248770430740135e-01,3.264318872321709253e-01,8.162137490691496744e-01,3.092636369701080579e-01,2.164928866644472844e-02,3.333448050706516175e-01,6.431637267418195414e-01,6.788776315539835071e-01,9.429607219080901603e-02,2.955378583186363817e-01,-8.539936896581381554e-01,-3.703222829367789903e-01,1.425265167768934027e-01,1.074163574176287966e-01,9.082640808706464730e-01
1.229170661561971578e-01,4.251349893187915674e-01,9.957680197700215230e-02,1.451321543164693362e-01,3.307203806909600474e-01,8.775728640210656017e-01,3.215268457096797650e-01,2.467056775725553694e-02,2.873555647373277622e-01,6.671493519472238010e-01,6.772201218683481239e-01,8.352303799610952262e-02,4.010133670948595741e-01,-7.643540450295092104e-01,-3.763930112395553751e-01,1.227603951785317116e-01,8.884343042115200317e-02,9.106600319092976736e-01
1.275375470339027706e-01,4.299918781471396834e-01,1.010225926679836211e-01,1.436996721590450277e-01,3.379476403325055167e-01,9.298112779662595084e-01,3.289329236475658225e-01,2.724540604055826140e-02,2.380774744191723191e-01,6.871986570463234356e-01,6.787798666763418254e-01,6.553312017318665972e-02,4.893544601458408305e-01,-6.777590474904847673e-01,-3.813283108202765725e-01,1.011657050172328209e-01,7.397812769091999252e-02,9.125389404598686083e-01
1.293015326635688633e-01,4.254142265501544284e-01,1.017528682002651341e-01,1.437446791998019391e-01,3.345348483817771057e-01,9.431297324302446716e-01,3.373794869362838900e-01,2.779008802305186002e-02,1.862317229054967216e-01,7.055546547141863245e-01,6.809416061248451113e-01,3.668477352306188932e-02,5.615915775613508076e-01,-5.895543438424274418e-01,-3.849638355085633346e-01,7.816693318219523900e-02,6.265111572867516909e-02,9.140548858297276036e-01
1.298583133129325995e-01,4.250793354511889777e-01,1.036780080726414505e-01,1.422650122415841101e-01,3.305096219140822300e-01,9.664741101561753478e-01,3.378614978243901779e-01,2.867135491787269758e-02,1.378544026190685057e-01,7.199156239729582740e-01,6.849170321822067864e-01,-1.011252227001952636e-03,6.159812167838609742e-01,-4.765815666324769162e-01,-3.873956266746279020e-01,5.462786086783235490e-02,5.507188633569570085e-02,9.151940980726244179e-01
1.354633837005300434e-01,4.318991119925482125e-01,1.053599647409280138e-01,1.398082569469339120e-01,3.295250324041903989e-01,9.653436107238297925e-01,3.370462896506802308e-01,3.026281355797062408e-02,9.327801289627145331e-02,7.317491242636851023e-01,6.883480856254263758e-01,-3.826370990621328488e-02,6.519805860197325220e-01,-3.664359740674184573e-01,-3.885017499908720029e-01,3.129701359115034942e-02,5.137449107321958447e-02,9.160088954454674859e-01
1.394082750202071674e-01,4.343183614199009890e-01,1.079984420119676630e-01,1.411287054491407456e-01,3.277380593074710746e-01,9.811304352026604114e-01,3.338478860768906431e-01,3.152083293912754519e-02,5.199738582642204898e-02,7.389823426755568470e-01,6.921262537604753184e-01,-7.971848239541076686e-02,6.753095698739688402e-01,-2.635088209032402928e-01,-3.883579970953556226e-01,8.627661573758821714e-03,5.115712902418276253e-02,9.165789038762524044e-01
1.460835934791369917e-01,4.323620069869997806e-01,1.070070772486285959e-01,1.340858294906961401e-01,3.293687176282282247e-01,9.891235404570856149e-01,3.319365386847462629e-01,3.300703317745527776e-02,1.429401513044758869e-02,7.433785527163848661e-01,6.984698611620072661e-01,-1.307543943604737302e-01,6.894446287802857842e-01,-1.582901874790383634e-01,-3.868011270192540096e-01,-1.304010926060626512e-02,5.423660722671258538e-02,9.169806699656785076e-01
1.535690386716912492e-01,4.343573191272228629e-01,1.071193528771834519e-01,1.251930673678074701e-01,3.191482478030106540e-01,9.780820550980604544e-01,3.287502337778267503e-01,3.351977467941170963e-02,-1.860850755890344765e-02,7.428284524629465979e-01,7.082055148081036755e-01,-2.024706736631705917e-01,6.820268776156903634e-01,-5.375488397848416505e-02,-3.831777930330321769e-01,-3.315322012528708340e-02,6.057987905193406436e-02,9.174837994484569270e-01
1.585352994485453859e-01,4.361648599576214980e-01,1.050214440419015710e-01,1.243396274067879587e-01,3.150291356804035270e-01,9.567213747921573530e-01,3.209749045270640644e-01,3.327731739533415500e-02,-4.960041815716847297e-02,7.352869784292983546e-01,7.207447985134831647e-01,-2.454284954025872656e-01,6.632072143757402616e-01,4.101950187251532376e-02,-3.776721938681260604e-01,-5.144175641895357837e-02,6.977848582054607673e-02,9.181161706184112203e-01
1.608250931403876760e-01,4.384943372767977632e-01,1.042120432282893500e-01,1.258538965522543740e-01,3.073522895779636777e-01,9.362622871414170156e-01,3.173632104929905440e-01,3.131128402893676443e-02,-7.447175365304718742e-02,7.281230348271899855e-01,7.294351579880253844e-01,-2.562240018689979637e-01,6.329465718803836127e-01,1.258281266741314020e-01,-3.716012517047098118e-01,-6.797447644223104934e-02,8.124746264990481692e-02,9.184781977527454178e-01
1.586751600375641835e-01,4.235123161181687523e-01,1.028533629387728826e-01,1.234573926186174897e-01,3.017089874030566277e-01,9.089906821494393441e-01,3.068685848764955981e-01,2.929709796839622890e-02,-9.435337717413073977e-02,7.200173883228673244e-01,7.376606405317606141e-01,-2.518662826569477708e-01,5.989515564175186269e-01,2.040076041845851063e-01,-3.654009895941064956e-01,-8.265030304906678671e-02,9.465415246731487264e-02,9.184797627854767166e-01
1.541778435885965692e-01,4.045967763867205358e-01,9.837709817015929947e-02,1.273260623370127687e-01,2.993090958426961046e-01,8.729567386634333737e-01,2.923901102330017654e-01,2.607038351413047336e-02,-1.108368318017469295e-01,7.100919819369841957e-01,7.454504274793789520e-01,-2.384195667195063706e-01,5.533191886172172946e-01,2.678891852506303239e-01,-3.592720112329838011e-01,-9.544800471523641472e-02,1.094978173954840317e-01,9.182009985771157901e-01
1.496909319931372662e-01,3.724140805388165831e-01,9.297189775925655819e-02,1.306969929003705122e-01,2.961402130160695756e-01,8.272542665348250335e-01,2.749491560196858919e-01,2.294215220818765152e-02,-1.203452561716273628e-01,7.020356128810889551e-01,7.520036862296316515e-01,-2.136155375228754594e-01,4.972199281083738431e-01,3.117439963585791896e-01,-3.538633444816701723e-01,-1.063242639281791191e-01,1.250991581263473651e-01,9.175725237519745114e-01
1.423005823221823174e-01,3.581809668594491125e-01,8.705734347312099608e-02,1.334709752403557270e-01,2.936982180950009624e-01,7.744622175936537456e-01,2.610277039988931347e-01,1.894910819436737906e-02,-1.255819479029701702e-01,6.937177474656022191e-01,7.574185766697669742e-01,-1.792867223932854692e-01,4.342680076366563502e-01,3.524578753358226235e-01,-3.493401901362193085e-01,-1.151655916587058653e-01,1.410860917394563541e-01,9.166047272808020008e-01
1.370146747666191045e-01,3.356300197068619595e-01,8.271997140017658956e-02,1.366669590807713108e-01,2.943876001332614289e-01,7.200032143311148047e-01,2.475432558254498094e-01,1.469231324277809822e-02,-1.262010267089666848e-01,6.875963329678017599e-01,7.601829526493908418e-01,-1.366889755921329441e-01,3.594726813822741174e-01,3.746673943315863564e-01,-3.459323621856562059e-01,-1.219140254863061712e-01,1.569744001738845873e-01,9.152980308771203610e-01
1.261210351167470489e-01,3.179962127436361530e-01,7.841792743449299552e-02,1.414108463605523447e-01,2.994869462456871134e-01,6.516087245942137063e-01,2.375712926177448170e-01,9.749765852989410522e-03,-1.210168218791053407e-01,6.850456078091660128e-01,7.611729454760163271e-01,-8.616422137668448833e-02,2.769577840678527636e-01,3.857107872413339522e-01,-3.439680051293915186e-01,-1.264777453081069591e-01,1.720955853048648510e-01,9.136044238058205202e-01
1.159714634793884841e-01,2.977232025893584710e-01,7.601972968749427795e-02,1.469663122139822087e-01,3.049700620712335608e-01,5.998845039910006838e-01,2.249064081380846014e-01,4.034839570211125846e-03,-1.127720332408458370e-01,6.849402883727971902e-01,7.593158078104282893e-01,-3.070092615726677937e-02,1.907131811038938196e-01,3.874535983443483378e-01,-3.437181044787525064e-01,-1.289238881082173382e-01,1.860072021104246798e-01,9.114595848979220039e-01
1.070632150629060308e-01,2.818456381090018170e-01,7.184714145732117030e-02,1.517537546944957572e-01,3.140191389700844327e-01,5.424697964120869242e-01,2.118216999180305982e-01,3.244554650253725619e-03,-1.017777308594121632e-01,6.871287403459491738e-01,7.552874010895769263e-01,2.471396724615768439e-02,1.095246664113163626e-01,3.787257137389924422e-01,-3.452061073863718077e-01,-1.293527459704919280e-01,1.984791573980545787e-01,9.088888348648984650e-01
9.670578832871846997e-02,2.571844414809251744e-01,6.389347785689258874e-02,1.511222042838745450e-01,3.189113559056933056e-01,4.680225856133933826e-01,1.929443919738920155e-01,1.948787428461969031e-03,-8.902445069963896285e-02,6.915913613768925883e-01,7.481393566241357762e-01,9.019004242192364684e-02,3.474023056553262462e-02,3.587409496426332001e-01,-3.485660749433913130e-01,-1.280694067211306242e-01,2.092727467069039338e-01,9.058480091587359784e-01
8.332151711695984231e-02,2.276620005044271977e-01,5.576002806677376328e-02,1.512182676988234331e-01,3.248697073658987633e-01,4.130861689561586836e-01,1.801708614657379637e-01,2.727715614668290789e-05,-7.422635393492599265e-02,6.985973505125481209e-01,7.379986206264365078e-01,1.692319365752001370e-01,-4.744951026359109370e-02,3.294849905563937420e-01,-3.542775861684356320e-01,-1.251988061540349473e-01,2.180329037154960792e-01,9.020474166448446685e-01
6.742241700957438133e-02,2.002210141762676421e-01,4.666812188720261684e-02,1.457823366740705340e-01,3.213102795727042493e-01,3.484809816829847473e-01,1.668942683891235235e-01,-4.859482924845591858e-04,-5.812497234932620382e-02,7.077218749209817084e-01,7.238367362094076940e-01,2.510291041038928417e-01,-1.302617330191138401e-01,2.899161602546478367e-01,-3.623113467120952502e-01,-1.208055863278375414e-01,2.244198183938762581e-01,8.975062359148660018e-01
5.503894752131355261e-02,1.737931702118134802e-01,4.295915457149317163e-02,1.509085418269479062e-01,3.229907844009664020e-01,3.274847132232101554e-01,1.588087293198104655e-01,7.798142354692519373e-04,-4.038528842021345266e-02,7.202042278668048247e-01,7.051721866625633162e-01,3.316701596848609102e-01,-2.082130305398850467e-01,2.421337146424746289e-01,-3.727141605406822933e-01,-1.151200995976488228e-01,2.281986562976641986e-01,8.921843866943677259e-01
4.743299960673272309e-02,1.604330963337951554e-01,4.736645693894696307e-02,1.623563004194722437e-01,3.283190372905750443e-01,3.456227926215833524e-01,1.548885192805484201e-01,5.226800230257096572e-03,-2.084436068485137628e-02,7.345921071550288728e-01,6.829652403396292426e-01,4.071958347698556580e-01,-2.681403561029095939e-01,1.870323958612350734e-01,-3.853022633341458003e-01,-1.085594345231723906e-01,2.294090604727097027e-01,8.861710555922844845e-01
4.523467183642869427e-02,1.500004158916753150e-01,5.833825397680011265e-02,1.954488160160105237e-01,3.391093543253761444e-01,3.898390645118636755e-01,1.614815668047612784e-01,8.133867905813803659e-03,-2.125003555086409004e-03,7.511920402404010932e-01,6.568029640730710383e-01,4.826919501743688334e-01,-3.096288369996737511e-01,1.235573900495332555e-01,-3.998581448472281474e-01,-1.017853132230173013e-01,2.281201974803012122e-01,8.795430639524594030e-01
4.322290550926218000e-02,1.435385179163347624e-01,7.340932132359336004e-02,2.299394535560619068e-01,3.583929355030139319e-01,4.593979299483467726e-01,1.714697422260722803e-01,1.303068233483337113e-02,1.512249840416084179e-02,7.764605578957498588e-01,6.249441061406467712e-01,5.718328832346387669e-01,-3.217559119967846604e-01,7.639154900038840068e-02,-4.163640904558391642e-01,-9.545751153122480903e-02,2.246540049301501418e-01,8.721682259938809967e-01
3.774284459710131046e-02,1.345324517782106044e-01,8.293009499704584453e-02,2.537713773101982762e-01,3.681126415064849278e-01,5.081350199480021423e-01,1.763746627618990592e-01,1.880047607186830644e-02,2.945209525933173422e-02,7.999020079918343074e-01,5.933916707385571421e-01,6.092191805782661840e-01,-3.272467739019234712e-01,5.939045434866574436e-02,-4.349317216386343055e-01,-8.983770851675927649e-02,2.196846717482348610e-01,8.644707750317336403e-01
3.350480969602354087e-02,1.273909521134013456e-01,9.325507239500170631e-02,2.781694243754185281e-01,3.773509984900877967e-01,5.631411960950382101e-01,1.823120870868507881e-01,2.479752725311689526e-02,4.331788185485732634e-02,8.232439160300891734e-01,5.614643029644215133e-01,6.340426658305015062e-01,-3.255482997775190901e-01,4.512727553036088857e-02,-4.537790580435018262e-01,-8.415310202422092434e-02,2.140397259880755243e-01,8.566846394659325403e-01
3.065556475202743658e-02,1.221164493305789689e-01,1.042033232920668989e-01,3.027683626871544575e-01,3.858862040850026820e-01,6.232657648587427435e-01,1.890850524627170071e-01,3.086562607634464606e-02,5.657543788615679303e-02,8.459760040261234959e-01,5.297102572731259285e-01,6.451275294873716204e-01,-3.172090049828012459e-01,3.346326152033318735e-02,-4.725620732150082048e-01,-7.850032341652923851e-02,2.079507989858940809e-01,8.489144238679913190e-01
2.934187371111074416e-02,1.187113738384115158e-01,1.155939174628458355e-01,3.272029601808327248e-01,3.934964559224010672e-01,6.873580327083904651e-01,1.964965961512835646e-01,3.684856273931670645e-02,6.908034304864882347e-02,8.675879939955285503e-01,4.986777881195422202e-01,6.412979620448892026e-01,-3.027774048769914517e-01,2.425966129343948285e-02,-4.909367406977109827e-01,-7.297600405660149836e-02,2.016495220779082609e-01,8.412647328094033927e-01
2.971050051927098812e-02,1.171781560455676385e-01,1.272459246819427070e-01,3.511079847918791019e-01,3.999599516334549909e-01,7.542673061132555423e-01,2.043497554143356987e-01,4.259012743979801591e-02,8.068817703775230110e-02,8.875696079538948347e-01,4.689151499585425542e-01,6.213781539990680391e-01,-2.828020148193125527e-01,1.737772382453617315e-02,-5.085590340361670902e-01,-6.767677530735509428e-02,1.953675266003352395e-01,8.338401708616618446e-01
3.190820912250588726e-02,1.175192263607154897e-01,1.389784147239616630e-01,3.741182044557200825e-01,4.050548888493360478e-01,8.228428915426155843e-01,2.124475675136593966e-01,4.793411037555370818e-02,9.125451954888602613e-02,9.054105679168130694e-01,4.409705972449984301e-01,5.841922958459223603e-01,-2.578313501689858400e-01,1.267869808848021140e-02,-5.250849267749337912e-01,-6.269926853170734726e-02,1.893364438893927193e-01,8.267453425962599800e-01
3.608176346681299385e-02,1.197370151925233883e-01,1.506104573635071997e-01,3.958683871077819938e-01,4.085594652012160544e-01,8.919340954657445364e-01,2.205930697110398131e-01,5.272430174434885458e-02,1.006349502774686877e-01,9.206005958998745298e-01,4.153923844337819582e-01,5.285645780814643979e-01,-2.284139262852339369e-01,1.002383306012821773e-02,-5.401703924585681271e-01,-5.814011509257548116e-02,1.837879052812981528e-01,8.200848525846913262e-01
4.237792749819002669e-02,1.238339529496595981e-01,1.619611223751831475e-01,4.159933006834910518e-01,4.102518783202667163e-01,9.603902243519195636e-01,2.285892992682630187e-01,5.680449174394852641e-02,1.086850489189191415e-01,9.326294139186700471e-01,3.927287659797651376e-01,4.533191912017086045e-01,-1.950982585272785785e-01,9.274377714336812240e-03,-5.534714046316273617e-01,-5.409594635287691411e-02,1.789535421122689929e-01,8.139633053984488553e-01
5.094346516263462132e-02,1.298124700407926047e-01,1.728494795335940304e-01,4.341277131182735838e-01,4.099103258376599612e-01,1.027060584670414167e+00,2.362392934471141959e-01,6.001847057211779496e-02,1.152603951686560768e-01,9.409867439887902307e-01,3.735279963378196899e-01,3.572803257026683221e-01,-1.584328622543421661e-01,1.029158102596283708e-02,-5.646439368386686475e-01,-5.066339367552896711e-02,1.750649857185224145e-01,8.084853056090259837e-01
6.192514040614435777e-02,1.376749968745906716e-01,1.830945986133440950e-01,4.499063923475559168e-01,4.073130053845672727e-01,1.090794482890505179e+00,2.433460895093789433e-01,6.221002842662173155e-02,1.202165687220983770e-01,9.451623081258262449e-01,3.583383299628173368e-01,2.392721720803568930e-01,-1.189662528256473228e-01,1.293669196986302339e-02,-5.733439626242490261e-01,-4.793908842344887788e-02,1.723538674362762313e-01,8.037554577879160167e-01
7.546971717471689933e-02,1.474239638597221180e-01,1.925155493890374492e-01,4.629641063067642115e-01,4.022381145921606338e-01,1.150441225481466878e+00,2.497127247168430819e-01,6.322295550522549767e-02,1.234091492746647589e-01,9.446458283453690319e-01,3.477080213096300221e-01,9.811892083078810334e-02,-7.724694560041578395e-02,1.707095952089410229e-02,-5.792274555329256502e-01,-4.601966195955401601e-02,1.710518186017480069e-01,7.998783665066122595e-01
9.172395941434988154e-02,1.590618014048552076e-01,2.009314016352783949e-01,4.729356229313246285e-01,3.944638510916116947e-01,1.204850118912575763e+00,2.551422363312921826e-01,6.290104200569399118e-02,1.246937165217739951e-01,9.389270266630092010e-01,3.421853248331295783e-01,-6.735523755002470470e-02,-3.382345593787017268e-02,2.255563265391247185e-02,-5.819503891092557835e-01,-4.500174564676168859e-02,1.713904705511549720e-01,7.969586363366077952e-01
1.108346310710410509e-01,1.725909399186583149e-01,2.081612251266709013e-01,4.794557101566635504e-01,3.837684125140923275e-01,1.252870469653107000e+00,2.594376616145115388e-01,6.108807812579226254e-02,1.239258501588448580e-01,9.274956250943378055e-01,3.423184949881881156e-01,-2.583261125660670787e-01,1.075570080276888607e-02,2.925196034377541832e-02,-5.811687368977966894e-01,-4.498197084798927214e-02,1.736014546207146902e-01,7.951008718493961513e-01
1.329484960907878488e-01,1.880138098097997590e-01,2.140240896378198254e-01,4.821591359182073599e-01,3.699299964907743488e-01,1.293351584172336421e+00,2.624020378282869714e-01,5.762785406328558430e-02,1.209611298812962310e-01,9.098413456549461209e-01,3.486557862296771892e-01,-4.759695137213268423e-01,5.594200926227832493e-02,3.702119156533945077e-02,-5.765384724431051877e-01,-4.605696892615403215e-02,1.779164021466445034e-01,7.944096776164704110e-01
1.582123184195880494e-01,2.053328414869479146e-01,2.183390649433288311e-01,4.806806681513823287e-01,3.527268006528292421e-01,1.325142768939538307e+00,2.638384022344042457e-01,5.236416001593903469e-02,1.156551353845468311e-01,8.854539103604239791e-01,3.617454530124690759e-01,-7.214612505197899317e-01,1.011869540814352986e-01,4.572457529346063421e-02,-5.677155692897386530e-01,-4.832337124417324797e-02,1.845669444651621138e-01,7.949896582093239905e-01
